1.826982283075423652e+00	-8.914470289269758874e-02
-6.691374524918003441e-01	2.552440441384390413e-01
7.818726646220832688e-01	8.712244453452208104e-01
9.714663505869712834e-01	1.456875528184687463e+00
-1.315876073954145298e+00	-1.497839314735909533e-01
-8.732660841592854162e-02	2.493881911111673344e-01
-4.466787140435701797e-01	3.654126425193470196e-01
4.969873262756215326e-01	-1.638950641317752588e+00
1.020017357866866536e+00	7.904284930740826942e-01
-6.407662312854794928e-01	-1.201329391179659201e+00
3.582407867886066022e-01	2.361508131995318838e+00
-1.116713699733847154e+00	-4.108939204781301147e-01
5.458879600195354342e-01	6.177363775232256327e-01
5.890853377306950467e-01	4.013800560196737477e-01
-1.169800541144934147e+00	5.508197184688073955e-01
3.677868155380659698e-01	3.080371081113301712e-01
2.073273515687513502e+00	1.603176050276940323e+00
2.303319127503073924e-02	2.724143881928138833e-01
-1.510339405587512784e+00	7.172318852717567417e-01
-3.228472848329434763e-02	-8.966745454035038865e-01
9.311820827793783062e-01	-5.059345867170753630e-01
8.863073098146591056e-01	4.154322635447521561e-01
1.731652388968315526e+00	-3.210860321632324488e-01
-1.804936979437728461e-01	-9.398800682214963897e-01
-3.478197926661023009e-01	9.371087057990252767e-01
5.711001062016319851e-01	-1.168952877741329166e+00
2.559437219687084042e-01	-8.572427033739085656e-02
-1.300292979409729544e+00	5.520409478196482977e-01
-1.157670264045534525e+00	1.897400893930833776e+00
-1.027296456735477648e+00	-1.299717226031956753e-02
-5.499566516596322147e-02	5.377908299634396316e-01
8.678165684469614227e-01	9.286830948232821514e-01
1.052285054755746518e+00	3.143743329823009414e-01
-9.085293829966388790e-01	-3.361340893061530166e-01
-3.423906954673046621e-01	-1.201686436568453198e+00
-2.936183609149495499e+00	6.080904880067419249e-01
-1.873816088502556099e+00	-4.102474371132843745e-01
-4.638718576564599405e-01	5.667091419755407866e-01
1.685516643978819395e-01	-1.193799692882015373e+00
-9.616851943093112087e-01	-1.473883573469173258e-01
1.379923893125024614e+00	-7.053322171755321834e-01
-2.583898806504309476e-01	-9.759588699963257508e-01
-1.097257294947896922e+00	1.919813764796334699e+00
7.768219767086713690e-01	-8.910040843168218760e-01
9.818592406895924052e-01	6.925927105951787954e-01
1.882635122070899780e-01	-1.773163195016026261e+00
-3.925274915516199226e-01	2.231200045089070993e+00
4.895013213846291511e-01	-2.363791090151374785e+00
8.230243192888849757e-01	-6.519356902694007916e-01
-5.872199287553040437e-01	1.584593820146991128e-01
-4.845298616200366393e-01	4.568903984789123296e-01
4.303201103081489842e-01	9.094121511273995928e-01
4.615530072849479137e-01	5.536308414748660756e-01
2.312882488677806270e-01	9.931669514387467812e-01
1.852425140563473960e-01	9.648949313677610551e-01
9.812772638173249407e-01	5.164457542940956714e-01
-8.308653858030859984e-01	-1.528156045833836352e+00
-1.719660917155614310e+00	-1.297174497842918717e+00
1.969246756087929873e+00	4.655306475868371541e-01
-2.884517253507548618e-01	6.015994211342120535e-01
-1.785986870843407015e+00	8.103031356322466516e-01
1.333914893592814677e+00	5.579783705205233479e-01
-6.141740115646772136e-01	1.160644287296951127e+00
3.066837403742530554e-01	1.521262949354216687e+00
-9.471455772430908970e-01	-5.567175082699277189e-01
1.484742931615908867e+00	6.032973342024655627e-01
-1.938304370743318128e-01	-1.356586559331123820e-01
8.515720881623010108e-01	-6.360424263959346680e-01
-6.360827235166827132e-01	1.281350582027063201e+00
2.703457351558750776e+00	7.038892398698138875e-01
-1.162365179799451642e+00	-2.392696851558177851e-01
3.015194124624479000e-01	-4.024100651523674910e-01
-1.411229525247281735e+00	-9.165953998019984450e-01
1.076045836909189202e+00	2.102103516684652451e+00
6.139479872199399280e-01	-5.649904588299771158e-01
2.666436623168506603e-01	-1.169184545229037031e+00
-2.882690590008612965e-03	-9.836087963623834085e-01
-2.820786309250993829e-01	-8.072862090084035325e-01
8.969659015169639815e-02	7.162691697350614950e-01
-1.239941247119581424e+00	-1.229551568291411323e+00
3.922493278328717525e-01	4.469444536568270565e-01
2.349132832795470249e-01	6.603147937090929342e-02
-1.094318631175205114e+00	-4.084945224089710919e-02
-2.235006669496326370e-01	-6.594962499801508837e-01
-1.593363422186087730e+00	1.151353981088340639e+00
1.652592333809115521e+00	3.517483330941269526e-01
-1.770885671484174972e+00	1.993956036455743819e+00
-1.942039530866479513e+00	4.654699332668432721e-01
-4.099584748152642066e-01	-1.506909010109002689e-01
1.291744253411767573e+00	-1.308206484038075157e+00
-2.043345991858975363e+00	-2.869785990886714044e-01
3.124644997136020175e-01	-7.830951205361135203e-01
9.633777350028195352e-01	7.527245941564488785e-01
5.625322005260862124e-01	-6.243153533246312836e-01
-1.563900959390321921e+00	1.022748379727512313e+00
2.004983657102829664e+00	-7.887237485920617353e-01
6.037376755991280541e-01	1.320903874125225919e+00
-3.568923693112568962e-01	4.332496586314478759e-01
1.141721972931481810e+00	2.579277415038043128e-02
-1.045748774129550807e+00	-6.990335226546429137e-01
3.167050672017742707e-01	1.897605292058140158e-01
-9.847920701265716614e-01	-8.270116025233107404e-01
-2.472964485150793146e-01	-8.795544867670812561e-01
-3.801484898237447035e-02	2.413214990539490845e+00
2.295533170122158739e-01	5.457117911567229696e-01
-1.190143645080061763e+00	1.021331744009041476e+00
8.440507248017906639e-01	-2.525420920662071467e-01
1.687627200490519952e+00	2.075497581135500980e+00
5.732034686719305050e-01	1.906411899975738455e+00
1.221811996929539790e+00	-1.311893336065351502e-02
1.692927686546717103e+00	-1.398073595911950850e-01
3.604763395576421892e-01	-7.357941272642380959e-01
1.435374498543620314e+00	-9.039093746940372043e-01
-2.079268584593758074e-01	-5.244076852865822147e-01
-1.761780333422676037e+00	-1.536449640812881379e+00
7.851707448975748793e-01	3.600440994999623001e-01
7.846172462392640712e-02	-3.188597476804785336e-01
-3.623277385409329754e-01	1.046275188817247792e-01
-8.914397451158807550e-01	-1.927717347006154380e+00
5.859287584279792016e-01	-2.473059101582177621e-01
-2.120434093704499368e-01	-2.544725980291818734e-01
-1.941086544623061017e-01	-1.548541963768925445e-01
-2.321739855552594489e-01	1.772723134114949362e-01
1.610639819001472128e+00	3.718777886496934304e+00
9.210782304154553346e-01	-5.548362754046295420e-01
8.245946679626861009e-01	3.629477113721593096e-01
5.559535355539700907e-01	9.407677353737754489e-01
9.618061851959630593e-02	-1.075644679598587172e-01
-1.491642732162851148e+00	4.377994136554654858e-01
-7.244265618576187782e-01	-9.748895963729725667e-01
-1.800792240562049562e+00	2.061144700009079900e-01
3.208559000569040642e-01	1.687828276021194895e+00
-2.167185579805402718e+00	3.977345729168176858e-01
1.222750629191997396e+00	-1.328541078260476960e+00
4.475530423808718461e-01	-3.790741849323607249e-01
1.510721123498099949e+00	5.600908359071624654e-01
2.359969400557012931e-01	4.496250438214748901e-01
-2.534733915125199077e-01	-1.623413292891817683e+00
1.199047979467765312e+00	-2.309830209446263272e+00
-8.847863811748639673e-01	1.352315460856667595e-01
-7.481247229460582515e-01	-2.293332608979196330e+00
2.439002845866798941e-01	-1.079163849938830966e+00
-1.351730064343207083e+00	-2.711036033908565734e+00
-7.369917079006371718e-01	1.488379116850129524e-01
1.068194395298796229e+00	-5.467009432279831271e-01
1.195610213274900913e+00	-1.158090766302632302e+00
-5.695046063648884910e-02	-5.092926870171472081e-02
2.528593859777392150e-01	6.168310150031539596e-01
1.226864811469673855e+00	2.229150030958396034e+00
1.820246058106042009e+00	3.436020582418399250e-01
6.255008178742562652e-01	1.658084588887785316e+00
-2.005107504425888698e-01	6.312416012897615891e-01
-7.762166240777088611e-01	1.051797215276871089e+00
1.152328330294460246e+00	-4.155041583938606786e-01
6.501286713452937571e-02	-1.176018878599282669e+00
-7.190133039283383987e-01	8.269673698680668483e-01
6.527985846914325929e-01	-2.005302935816781762e-01
5.225001177232115046e-02	-3.719502190222859772e-01
5.762692641085407352e-01	-1.337287183062333629e+00
-2.467305981990852992e-01	4.079914240282684901e-01
-4.771605505252127233e-01	-3.329210476610964253e-01
2.080756455520266501e-01	-1.417641161498382596e+00
8.985463006876797110e-01	-7.829177580522844737e-01
-1.504344516101210560e+00	-4.180001751097426888e-01
-3.986240699855326808e-01	-4.205269407613532739e-01
2.005267119512927465e+00	1.219947302432298653e+00
-7.124713857616092882e-01	2.077288658438022351e-01
1.492838506764297524e+00	-2.099494077984573437e+00
4.694342765495200243e-01	-1.383641422827335932e+00
3.909601662891697832e-02	1.607505655957651269e+00
-1.223611171473366482e-01	-5.088671551680856719e-01
-6.883507170260604047e-02	2.085275229346098269e-01
-1.459434893954806078e+00	2.167024925994393350e-02
3.119534600494632270e-01	-6.662485574145628198e-02
6.882899998384137685e-01	-1.445343668468002107e+00
-5.992751554428016325e-01	-1.184173966460363880e+00
1.261277674370773205e+00	4.203298906680574265e-01
4.124488625895095240e-01	4.426293022884084660e-01
6.969394259651597867e-01	2.940071053811959434e+00
-1.677315580229089775e+00	3.143054470557606339e-01
-3.935861251112324211e-02	-3.827830248197693908e-01
-8.912145603196408583e-01	1.324467056523563224e+00
9.487398340563585331e-02	-5.712591963961853869e-01
6.894063143739295185e-01	1.666038930632799620e+00
-1.015872296935067531e+00	7.173793966068137129e-01
-1.430700217044210909e+00	-7.150972427128250708e-02
-4.310821640111420772e-01	-1.561865293681052647e+00
3.261518199876748403e-01	-4.959734068340844182e-01
8.999609784224343878e-02	-6.788021003119221186e-01
1.297268525544500894e+00	-3.717275905800391245e-01
1.462521637530092566e-01	-1.469486098356011183e+00
-1.193706014546828120e+00	-5.564864869151935345e-01
-4.086414582975536613e-01	-1.169732422070180189e-01
-6.409422000641191997e-02	-1.893808124633992729e-01
3.238243616058411600e-01	-9.332846329226546223e-01
7.949857741650383225e-02	-5.898501131242130935e-01
-5.006965498717144136e-01	1.247897369527083189e+00
-1.349598230654421860e+00	2.951537371924971009e-01
-1.096993249276960514e+00	-1.604840655241775993e-01
2.376509645518614378e-01	6.933599244603193545e-01
3.134333791648291068e-01	1.750919799712235825e-01
-2.332852360356794108e-01	4.104729618294032378e-01
-1.386671069885658136e+00	-1.141771481660845862e-02
-2.430908555716465802e+00	1.787360327048893860e-01
1.153484073042366706e-02	-9.784049344118390668e-01
-9.020065497797685738e-01	-2.120582827531844128e+00
1.393685090424927164e+00	5.616615755078322447e-01
-1.217787408229594748e+00	3.345672740919993782e-01
1.065348857549784700e+00	8.133602239084732899e-01
1.545563421631904966e+00	2.314148542335740522e-01
1.245783997503628449e+00	-8.010471061691315509e-01
-7.858578011083267034e-01	2.020720153772148642e+00
2.009415236359093637e-01	7.921248377782961203e-01
6.753391247903700600e-02	-7.003564045202542721e-02
-1.233289693940411658e+00	-1.828366156423963940e+00
-7.162536121270091094e-01	3.250574592119913619e-01
-7.098895043002770855e-01	7.439367993573112736e-01
-1.462955028655148482e+00	-7.220291918541922316e-01
2.655512282203478236e-01	5.248566611512643920e-01
-5.778748593534751565e-01	7.775591508235105698e-01
2.563062802418170638e-01	-1.976861970100755039e-01
-1.766408191219086987e+00	-1.395767309128084221e+00
4.890089959038718681e-01	5.277979340312229928e-01
4.642604589787875935e-01	-6.179747810397760999e-01
-1.155455110266416119e+00	-2.042293915337280996e+00
6.720239903497633449e-01	1.256727663084126201e+00
-1.884258941550688515e+00	9.543126342861611988e-01
4.542341300262965342e-01	-1.728486171838706231e-01
4.556501665242509436e-01	4.982871678581855535e-01
7.269243412858093778e-02	6.205852228456798514e-01
3.651898514251203931e-01	-8.240262542508235422e-01
-1.533436521843404510e+00	-1.019888206891095134e-01
9.793894758959542646e-01	-2.292959778062289899e+00
4.324915324972223307e-01	1.263385193969992049e+00
7.743882912844597399e-01	1.723789357903071862e+00
-1.749206578528836320e-01	1.284653498084578516e+00
4.923063834229993163e-01	3.254868321538191833e-01
-3.631352197947150251e-01	-4.675687646558650545e-01
-6.758586878408207044e-01	5.110053974580061609e-02
1.181126801579214902e+00	2.288598889264882030e-01
-3.538450095249973115e-01	9.036724406073358418e-02
7.286006543620603404e-01	-2.551946545364448538e-01
-3.410425946814504838e-02	-1.117865033740610636e+00
-9.081569037439558567e-01	6.403290691545698854e-02
-2.017401250581564720e-01	1.429761451675297446e+00
-1.438904701034415146e+00	1.773642287081085511e+00
-1.067845195093585442e+00	4.894888001401613842e-01
-6.812475414501063531e-01	-5.690824752194312969e-02
-9.429583983769024291e-01	-1.099401749508279291e+00
-6.815451558421909972e-01	3.804882272930208975e-01
-2.763945751966203068e-01	1.734181247701073181e-01
-1.630892362665929962e+00	1.290804250831916633e+00
1.112329934136604193e+00	9.161759484149623045e-01
3.209929883299977860e-01	8.591636994108088343e-01
-1.258276542499035866e+00	-4.701552651111855496e-01
-1.636406939796739846e-01	7.732716768363470106e-01
-8.491242921000348165e-01	4.903130914062749368e-01
-1.212506363479400440e+00	-9.989833672251468011e-01
3.999274543634324663e-01	1.730550916438773124e+00
6.856464702909004227e-01	-4.116477149304132999e-01
-3.560027868477255719e-01	-4.093968361073824225e-01
-2.264373404306913251e+00	-8.670497661763792996e-01
-6.323389463460832305e-02	1.221135781465580994e+00
2.719281434294641420e-01	5.205395193159354505e-01
2.249929487775763626e-01	-1.099227352124091395e-01
-8.215651201419355010e-01	9.626096626645945786e-01
-1.985180473181067107e-01	1.050089540402082022e+00
-1.268684402146645240e+00	-4.234915373922828463e-01
-6.568683986629435534e-01	-5.225341733972433539e-02
1.118199549021901440e+00	1.534237563748555300e-01
8.797161602486452958e-01	-1.044487412151653194e+00
-4.222115619221662036e-02	5.435623436981753542e-01
5.093941111110440456e-01	3.608682054076957357e-02
1.472158616450159219e+00	2.008707169767438589e-03
-9.958192207055397427e-01	3.004524527385829535e-01
1.754814878529324940e+00	-1.526761414661863547e+00
-6.700556423317496346e-01	-1.183612633185503055e-01
-1.660641491751368548e+00	1.347760134002304211e+00
6.704155745503513619e-02	3.692849414721255941e-01
-5.438963292066922861e-01	1.917345957245291999e+00
-5.240830105988442122e-01	-1.239561853473463704e-01
-4.863491852439780772e-01	-7.925542899137577590e-01
-2.532387072725048038e-01	7.450919081357693097e-01
1.069770188631123053e+00	-9.215923333022001396e-01
9.489355560089034469e-01	-1.790745220989627295e+00
1.743370115423596711e-01	-2.203899266704720944e-02
-9.214885407044113297e-01	-4.596651074348156452e-01
5.971705963208787799e-02	1.424472545073427909e+00
1.192466107843417111e+00	8.145544964287831924e-02
4.030307002730072474e-01	-5.727353999134030538e-01
1.129306667046874990e+00	4.261763682115857210e-01
-2.322333275290376253e+00	1.243513169837474397e+00
-6.914913796114638966e-01	-9.986990703645099998e-01
-1.400832146807152290e+00	-1.155627578454345272e+00
5.976795171745248325e-01	-8.588948513863091661e-01
-9.910805247998490108e-02	4.797039420601435511e-01
1.223067126431881535e+00	9.564014990715136166e-01
-2.972204736647564016e-01	-5.822300080971731795e-02
-9.845579510284134805e-01	1.465183024766160802e+00
-1.394498023510175044e-01	-6.640779049799447331e-02
5.864365500086432537e-01	4.308118534906521524e-01
7.989406283649942431e-01	1.064303594876879089e+00
5.224991062921816587e-01	-2.785440779750992801e-01
1.377764472962059172e-01	8.897518611918523446e-01
-4.700881837773897010e-01	-5.262332865081940092e-01
-9.472053265438395986e-01	-1.159017441690940009e+00
4.922462435353278098e-01	1.897326071441163053e+00
1.181046424587030241e+00	3.753840750072573451e-01
-3.075458196687715362e-01	-3.684918353382261591e-01
8.181280480306114544e-01	-3.487249696884776040e-01
-9.801173371480850771e-02	-1.244042177523688508e+00
-9.833979071607426015e-01	-5.039328573670619482e-01
-8.608709615015072147e-01	-5.725371052966481411e-01
2.011475452972089073e+00	3.815089813122035101e-01
-4.937189516504452702e-01	7.841105837026336733e-02
-2.248941352345625422e+00	1.756190010684532954e+00
1.499250897358979318e+00	8.128918898747816701e-01
-7.866178170049128449e-01	-6.362808528818577614e-01
-9.999459530734229329e-01	1.573503429339604853e+00
-1.427260532618160438e+00	4.247255440033641943e-02
6.840471340477415341e-01	-1.248148398847948259e+00
1.728869204845991492e+00	1.308655832001918151e+00
-1.422173337852730368e+00	9.302587362161648388e-01
-1.183872940810655638e+00	-3.522067774923723915e-01
6.074560546107401482e-01	-7.952096573465247120e-01
2.148508067868951432e+00	-1.406396210932636670e-01
1.400063034319527278e+00	-1.369221556863493339e+00
6.778412131254716311e-01	-1.028379242807109017e+00
1.122534758449771353e+00	-5.677548525795308998e-02
2.907255227335177050e-01	1.140314414273617238e+00
-1.537727489897806832e+00	5.673159459480647815e-01
1.355073365113629080e+00	-1.539320857114691909e+00
-1.237442924592430993e+00	-7.267043160533737112e-01
1.290066654065847584e-01	2.190649990865005226e+00
3.235134160397050707e-01	5.730769649327429605e-01
1.259373768833516705e+00	4.805273222566880387e-01
4.679610816176502652e-01	-3.129613197461968976e-01
4.829819950576261234e-01	-9.272483005062723826e-01
7.946233483369390393e-01	1.167112625059862352e-01
-9.284283386097071933e-01	-1.021164752164832157e+00
6.910026953814416006e-03	6.145934450255077230e-01
1.568612673735861329e-01	-1.468877487729345566e+00
-5.273503965624706247e-01	-1.668071416881553581e+00
-9.399226690247555194e-01	2.382124195584338910e-01
-1.720884150055402406e+00	-7.024808059250972070e-01
3.830111286398045212e-01	-3.340040322188760069e-02
-1.400885665802699576e+00	-1.913324456137809770e+00
-7.595446362801261397e-01	1.267565962960908621e+00
-1.682948465344892952e+00	4.914098900513014234e-01
-7.197905318737588543e-01	4.484659092812853243e-01
3.372180808221875714e-01	-1.836670668509121362e-01
-1.715378744862511962e+00	-1.270294155503819633e+00
-9.359380368693385327e-03	1.187575734924478932e-01
-3.397471529850866201e-01	-3.027950643608464887e+00
-2.066348047233744212e-01	1.743479190483315511e-01
-2.531771638059812646e-01	-8.870313178390217823e-01
8.919742783304476230e-01	-1.392850210007783529e+00
5.703711667111595052e-01	1.124203104843003898e+00
-7.210237281054601155e-01	-1.529321358076239257e+00
1.376034281926112435e+00	9.906231725159683199e-01
-7.709381406677120463e-01	-5.674807765159267658e-01
1.467334480835602029e-01	1.242018393836791690e+00
-1.123619398751308562e+00	1.753781541257593224e+00
1.256434311637309786e+00	-8.465469817883594095e-01
-2.884170593572794594e-01	1.942490233189224647e-01
2.888741958486660821e-01	2.120610966689170929e-01
-1.005223986618828835e+00	5.127216125482949582e-01
3.034504702788405894e-01	-8.068045010353309954e-02
-1.002558066820375071e+00	9.847458965359405791e-01
-2.201101771140938634e+00	-1.742504541506925131e+00
-1.272243047313327935e+00	-1.206271901448095152e+00
4.520645438420456408e-01	-1.735659311748848133e+00
-2.929602082903479232e+00	2.627077163082833788e+00
1.304377488733689380e-03	1.817943365232345121e+00
5.220342673154196866e-01	-6.353754313269175391e-01
-5.064631651018064451e-01	2.534948661615989418e-01
-2.708710366324773577e-02	2.615355755045504216e-01
4.136427308262570213e-01	-1.678061734185610498e-01
-2.507593463230994302e-01	3.221002042146216271e-02
2.867764277182698884e-01	1.475890997907040036e-01
-7.323011977535873740e-01	1.646790166340307726e+00
-1.548264704407494641e+00	-4.385409899777185649e-01
-3.453015008015707821e+00	-9.733755721260134441e-01
1.601755222760582464e-01	3.736256596960640386e-01
-8.817298281518146652e-01	-1.163109052995537462e+00
-6.815466515339424491e-01	5.495072527173931048e-02
2.557508584666622897e-01	-2.879517125851779324e-01
-1.014217448234528751e+00	1.613964075394614062e+00
-1.299871057687212561e+00	-2.766676055887771213e+00
2.083187554482860193e+00	-1.874421309909489297e+00
9.026766988757877197e-01	7.471719614795970799e-01
1.887069073380883699e+00	6.391674280289513232e-01
7.036849549197808917e-01	-4.555643968754501949e-01
-6.835665243984591077e-01	-6.316683133891626278e-01
-3.144028600068907719e-01	-5.577622296398927482e-01
8.624382965977217541e-01	-6.125923476090412434e-01
-5.158982789711682448e-01	-1.856588028298129300e+00
-8.848314351351889151e-01	-1.564890839375964848e+00
2.955658189123921420e-01	6.184861854531237269e-01
6.657166678618579025e-01	9.107582734309156366e-03
1.810311197121629578e-01	-1.730896988822265836e-01
-1.585392248741177124e+00	-9.724770826745962049e-01
-1.539022331767634366e+00	9.376616267794779525e-01
1.738679979524858088e-01	1.015319599207824552e+00
1.781596153672163618e+00	7.368009034736148211e-01
-5.121328610522336844e-02	1.151063301664540135e-02
-1.931323462028666338e+00	3.487658361267579332e-01
-6.641323680304523913e-01	-2.181680265516175443e-01
1.494151887246993604e-01	-3.044358353002106499e-02
3.105581084758500809e-01	-6.760572581720147856e-01
2.215193757378221620e-02	-3.122133032955261567e-01
-1.844484225790764820e-01	8.930423571701904262e-01
1.605326920748380903e+00	5.336416644138917142e-01
-1.518082946158665569e+00	4.090564889470274523e-01
6.231948682639050219e-01	6.427241646969881206e-01
-8.182607184438918102e-01	2.549809445954042131e-01
-9.622189770398223430e-02	9.036031196318823344e-01
-3.332353007358675456e-01	-8.687115755849584842e-01
-3.261683489146477988e-01	-1.622429034843486884e+00
-4.732974986992048994e-01	4.342616268321715656e-01
-1.270791086177874174e+00	7.238448070099444687e-01
-1.083875897252572162e+00	1.032266509484517369e+00
1.002429298376324995e+00	3.622870740023260150e-01
2.123858682436258416e+00	-9.284414466425962020e-01
-1.436419893120911284e-01	-2.251663627974796800e+00
3.559808836846201086e-01	1.662588328591114495e+00
7.253161583531321233e-01	-7.206713635869155254e-01
-4.973692558513196499e-02	-5.218095621115876881e-01
-4.911471723894617059e-01	8.198738954022167791e-01
-2.082591839763184627e+00	-1.421701974111479805e+00
8.633876498418422418e-01	9.392947581429063053e-01
-1.879059476246643656e-01	-3.433497634650020114e-01
2.521756292614375505e-01	2.867926039217438133e-02
1.270100241441629141e+00	1.091055157776949391e+00
-9.288728113058163371e-01	1.003836196106595580e-01
-1.335971837602811574e+00	6.230128909706021956e-01
1.607218911651492554e+00	-1.331752390606991410e-01
2.161126697935173535e+00	-1.314272822283065079e+00
-3.453629186188810207e-01	-5.671661826985642529e-02
6.214663393980776052e-01	3.577362388634678925e-01
6.489198860158917892e-01	1.808565365422646121e+00
2.409710724179697089e-02	-6.100253610648590508e-01
-9.347209628016692751e-01	1.362405801973220684e-02
-6.946203134831494541e-01	8.737225208365057005e-01
-4.717543240995855092e-01	-1.201768294069789356e+00
-5.649396242450162031e-01	-1.175096512214661271e+00
1.033340303026057505e+00	5.743857291441366586e-01
-1.319779858963465058e+00	-2.948519277726815990e-01
-1.503002484131615191e+00	-1.260655242334766113e-01
-4.707164902961065711e-01	-6.099027346088510271e-01
-4.045696907994773550e-01	-1.349785784386371645e+00
7.845917172338295886e-01	1.190278835863702200e+00
-1.075550522534086895e+00	1.834594522680360162e+00
2.339358978249048704e+00	-7.226642528963684864e-01
-1.047309067804284455e+00	8.074170265876560171e-01
4.592384062301951841e-01	1.339428039186398856e+00
1.348402614866251570e+00	-5.313314171594759605e-01
-1.117841753772837565e+00	-3.289067208529833364e-01
-1.497335677710882051e-01	-1.385262887618348371e+00
1.101293311387274709e+00	1.027921592551716973e-01
-2.733103525455614080e-01	1.178446618564476855e+00
-3.864811916276869042e-01	-9.487433877425879292e-01
-6.421286719933197440e-02	1.695518619188138010e-01
-1.350651650087195232e+00	-2.937821462200738698e-01
4.648647754773818086e-01	-6.911238594977072713e-01
1.203154747693087723e+00	-7.382951118339090568e-01
6.519269826472506857e-01	-1.472010674460958013e+00
6.017292586248826902e-01	-5.230924440505858586e-01
1.410982481252624765e-01	7.516518641265921286e-01
-1.940413838345493303e-01	7.951369508147200504e-02
-1.169097782230794191e+00	1.535052091933761353e+00
-1.625081214885552017e-01	1.403300630706985297e+00
-5.059325657837996371e-01	-5.940270291541028813e-01
-1.491315572913362475e+00	-1.080599075746862869e+00
-2.425454445163140349e+00	1.386294726446871906e+00
-2.430911121165285071e-01	1.547211030542301469e-01
-2.721535127746643301e+00	6.101657560965234595e-01
1.621017135441322976e+00	2.215803771125934296e-01
-5.015593777473153353e-02	-1.156111471814926794e+00
1.160622832480021904e-01	1.249932516808730298e+00
-1.073359046986737536e-01	-1.477030813341839055e+00
2.231620521512648114e+00	3.796953739100909497e-01
-2.547699610639784673e+00	4.867372367552460499e-01
-4.305561829637656879e-01	-4.279218466581244384e-01
2.543287261355882123e-01	2.853345916558954753e-01
-1.498397451863208441e-01	-4.692606045751862576e-02
1.336811950408731908e+00	1.267445210364776642e+00
-1.791469841837002974e+00	6.530375175776641505e-01
-1.031429443862649897e+00	-6.778003614140297728e-01
1.471037501916465651e+00	-1.454065947125046998e+00
1.751958469497630455e+00	4.856792800141156163e-02
-2.348230088491626011e-01	-1.768007247854026742e+00
-6.446891444021410900e-01	-6.348470862752515487e-01
2.890296307836141221e+00	-1.943768704302377470e+00
-1.359795617562200798e+00	8.947994118092435917e-03
-7.378033033145199315e-01	-4.744803332805100360e-01
2.081001097467885808e-01	-5.316021309844893850e-01
-4.860411281004525796e-01	1.123996689366110857e+00
-1.813255477767894142e-01	1.173406286175245006e+00
-1.556826238988861633e+00	-9.951739935752014210e-01
9.343220518272861153e-01	1.179281155190150754e+00
9.363631268516808825e-01	-1.505473829539689445e+00
1.330733173443080508e-01	-4.581548484800959664e-01
-1.168633589473396794e-01	1.257306243660952116e+00
-4.300461670991868601e-01	-9.826549694978810312e-02
8.234538372936240913e-01	7.277572178045712548e-01
-5.409470336353111586e-01	-1.079652190997719030e+00
1.554043333313404884e-01	-8.923208133511901785e-01
-1.340880407323730594e+00	-6.906218022482764063e-01
-6.241703026407530164e-01	7.133841559803689725e-01
9.063680958825677259e-01	8.296908040269266316e-01
4.236335908246880444e-01	1.076871199414970004e+00
-4.875107667263993694e-01	-5.897417560546238668e-01
-2.201787428868773322e-01	-3.988398049049690086e-01
4.818784254694783997e-01	1.421728014476108193e+00
-2.104720951571475318e+00	2.771704444404127443e+00
-3.297978844363478879e-01	2.586695504487536379e+00
1.465601114666914562e+00	1.655762552355816375e+00
-8.270364650957827690e-01	6.729274236740286907e-01
-3.813529669523458288e-01	6.354339139630628130e-01
9.322583006955530438e-01	5.031675666782030598e-01
-5.420576934429491844e-01	9.978521695854746243e-01
8.263264568857514591e-01	2.325359208968417857e+00
-3.093798163310970128e-01	-7.293320078217032654e-01
-2.708851656239428252e+00	-6.763609010798637966e-02
-6.731813396709021013e-01	4.509097889907087153e-01
-2.117186704159332855e+00	-1.101194756321279611e+00
8.834249566363164829e-01	3.093958967562695020e-02
1.452406510860987376e-01	2.094603027141147822e-01
1.734457004204567054e+00	-2.413409696738091359e+00
5.685112072951283846e-01	5.635536055367359465e-01
7.269160758502052344e-01	1.181652879830432212e+00
2.962993605452448609e-01	1.644602427007083145e+00
-2.277776939587945026e+00	-5.461676412602241015e-01
7.209144008162126083e-01	-7.518625913228034197e-01
-9.700048150773256106e-01	-1.217791905638963668e+00
-1.673602468381617525e+00	-1.188177388512750253e-02
2.068299394171561278e+00	-4.078916987790500576e-02
-5.027409814609996586e-01	1.303816761062753238e-01
1.050862544148367661e+00	2.614039663140479863e+00
-1.769972913437176942e-01	5.355175494076516163e-01
1.148170617178322583e+00	8.411441569571325161e-01
-1.160317026558271847e-01	5.679819547608138119e-01
-1.860457081806321966e+00	7.622200395502720660e-01
7.241701890438672073e-01	1.654592655456870731e-01
-1.565811084570855938e+00	9.942940208775701283e-01
5.742008461581579043e-02	1.214665286643543007e+00
6.778091948853268711e-01	-5.724537706384039693e-01
3.945257370015782250e-01	-2.764841906835888499e-02
8.853133139533850282e-02	2.832664766422171576e-01
1.036452932971597962e-01	-1.511728749670244176e-01
6.479059772318569443e-01	7.791416099521581984e-01
2.941844651350903339e-01	-5.177729063581657520e-01
-1.616101696953037847e-01	-3.394134588230717786e-01
-2.151809707799158478e+00	-7.627802526970529906e-02
-1.061963827221900525e+00	7.440590856827563604e-01
-1.129053413109587289e+00	-1.620976895979574506e-01
8.320747672377512907e-03	8.381122038944910368e-01
1.561323298791368996e+00	6.616789913771701226e-01
-1.263584559332706636e+00	3.506039334710404076e-01
5.558855805635504188e-01	-1.076961419684229204e+00
1.247624760220852780e+00	5.112249296994545444e-01
5.628519404992999853e-01	3.857889781201803148e-01
-2.585160429705242624e+00	8.695447590161785589e-01
-5.653041326200622940e-01	4.462692255792020113e-01
-6.494702380171348821e-01	1.090840762411265485e+00
-5.015904430432278627e-01	-1.242634165195229734e+00
9.109396848531244040e-03	3.745896000450297247e-01
-6.121943815138735090e-01	-1.321188310458957904e+00
-8.126544953231701340e-01	-4.067561019027078340e-01
2.491706560020733319e-01	-4.340925721238244606e-01
2.487868244025367992e-01	1.867344660349826269e+00
-2.775843677238121754e-01	2.797555686795174523e-01
-3.639207007386705550e-01	-1.607976009487161573e+00
1.772612709819608445e-01	-5.316180347185343047e-01
1.970784628714498943e-01	-1.387096287041920117e+00
-5.570337450717630784e-02	-2.710769781078987140e-01
4.591816718446823375e-01	-7.741483354789797655e-01
1.298736902995017317e+00	8.583038371110784936e-01
1.417675102079642757e+00	-5.619788678868374576e-02
1.160825146927701029e-01	1.325874102972236734e+00
7.980334530515944547e-01	3.707189261037151518e-01
1.402333527705358351e+00	2.178145882046146564e+00
-7.900222632751356944e-01	7.097470400153653713e-01
6.115630196340299252e-01	-2.914261624654162497e-01
-6.140969738432103808e-01	1.987247332798387223e-01
6.025333614154780859e-01	-4.259573788982551346e-01
2.238356244761308123e-01	-1.224497279340848177e+00
7.227598526710400650e-02	3.964842045031580220e-01
-1.411358959679334335e+00	-8.916624089139036924e-01
9.428101101405886864e-01	7.568948303668456834e-01
9.126443381924527198e-01	-5.870140185579802994e-01
4.628496602846959296e-01	-4.534652993241034546e-01
5.631662539089078434e-01	-4.092347700848800174e-01
7.536358639568683238e-01	-3.224429778540269798e-01
1.215643034153754076e+00	2.091872250744432282e+00
-4.138283011976537917e-01	6.906252190663804136e-01
-9.007131197410327417e-01	1.421615449197287939e-01
-1.706287979296652546e+00	2.979538611396769232e-01
-2.873702397676892728e-01	7.847737289801625105e-01
-7.605358480953545650e-03	5.265450846148899133e-01
-6.328406345017125734e-01	6.407877844946568979e-01
4.523228286098921469e-01	6.913917053431416215e-02
-1.757477091707541628e-01	-9.603672916226908829e-02
-4.537945053528481543e-01	-4.008106936809689436e-01
1.670602900006995295e+00	-2.483628297049870204e-01
1.020442418746855706e+00	-1.351397818433967002e+00
-1.705953179219706628e-01	6.208381650551217379e-02
1.983905468333550248e-01	5.617500504519504778e-01
-3.214488174373751339e-01	1.698411767721460519e+00
2.005440475405588230e-01	9.276708779453559650e-01
3.075678488219331097e-01	-2.615373980495922512e-01
-6.793323422447837823e-01	-4.520929308057743956e-01
5.793039605393341951e-01	-9.627231835772227519e-01
-3.803162360106958628e-01	-6.764640636779442051e-01
-7.312825963695801512e-02	4.387980886637001254e-01
7.936471649927583361e-01	-8.918118987540181175e-01
-1.899792842533144066e+00	1.342598674537433645e+00
1.465588500751109635e-01	-2.831328404412385980e-01
-4.888143694301415598e-01	2.247168861090116654e-01
-1.192276788306871671e+00	-1.108836543731059193e-01
-6.870161937494214666e-01	-2.963125812616005939e-01
4.232304677014896432e-01	-1.872288860094599716e+00
-5.032070773414506343e-02	-1.130698353441146553e+00
-1.212285228055297592e+00	-6.529170335862952701e-01
2.170413283143409533e+00	-7.500029819851100621e-01
1.401934301342321776e+00	-2.179024157821542185e-01
-2.578129149212977644e-01	-4.090755631748922982e-01
3.286842146049626656e-01	2.908620803694625390e-01
1.067245553360388621e+00	-1.011454719914937739e+00
-1.617825163202983862e+00	-2.630125986778928948e-01
-3.733759460521462459e-01	3.616430843993987954e-01
-1.225056817858636016e-01	9.169788548860676736e-01
1.459540879472723596e+00	3.283693776604370562e-01
1.039929723474265044e+00	-6.038170314123578186e-02
4.479395684857586657e-01	-5.300822193052775466e-01
4.862466306977494268e-01	-3.268631422524783670e-01
7.737462546447658740e-01	-1.350403044833892396e+00
2.227129324857153037e-01	1.539005319243467174e-01
6.376534392762671644e-01	3.103854393763821884e-01
3.453318797099941273e-01	4.773011837207449815e-01
-1.298331841196406877e+00	1.609781637151107558e-01
-2.208056488070857803e-01	-5.531044556747345409e-01
-9.545836363118329615e-01	-1.978892652554657738e+00
5.087357619999579444e-02	-4.070424792230062372e-02
-5.820679705327687081e-01	5.365820953137019345e-01
1.041647899136251665e+00	-6.854347043524050553e-01
8.926312260405992738e-02	1.348302433617719842e+00
1.755795947985761551e-01	-1.064525987415201325e+00
-2.476227941970630397e-01	-1.219773653526822210e+00
-3.116437377291266242e-01	-5.097815994588399124e-02
-1.640665483693788396e-01	-3.185583647482088665e-01
-6.047160860063155452e-01	1.633877653040907152e+00
-8.171468644453812047e-01	-4.536920881964356944e-01
4.325558254510470935e-01	-6.072898369631167803e-01
8.714205182011827144e-01	1.186952510092581070e+00
3.953495335195976179e-01	-2.671650110178558801e+00
-6.679808122992046959e-01	3.272779023333119430e-01
2.982738496052243171e+00	-1.740359198788366424e+00
4.154948251901194878e-01	1.041972220014926176e+00
3.316960382193305523e-02	-7.171267417203945893e-01
2.373250154501003184e+00	4.095974373507846322e-01
-5.872028940721566448e-01	-6.114079755070198768e-02
-2.112925475823380084e-01	1.590530314853453975e+00
-4.888377644467414851e-01	-1.185365845312876365e+00
-2.340665809115977325e+00	-1.059599648743515948e-01
1.012041821927008201e+00	-1.833223207874497551e-01
-6.500025747673647825e-01	-1.690115675254410255e-01
-4.470890688259264167e-01	-3.008241229226311098e-01
-7.129018820905101694e-02	-1.530914700481293300e+00
9.264298173380801638e-01	-1.988461638565345579e-01
2.128569518885408574e+00	-1.113420027914866717e+00
8.052269107739272735e-01	-1.389101065258740719e-01
-1.619628269691186118e+00	-1.006318652498299437e+00
-2.183204946546946079e-01	7.457873615048661586e-02
-9.402750097389462880e-01	8.870904173984067720e-02
5.331387506735775217e-01	-1.149080187597629615e-01
5.398744518798632708e-01	2.388401637676118294e-01
-3.239618621767062501e-01	-1.129866442899016388e+00
-5.797801853801650696e-01	1.740924788912911803e+00
2.056946158367708222e+00	1.075913497189915913e-01
7.894460471159464587e-01	1.746598094622765718e+00
1.179530146488007025e+00	1.250470949283170485e+00
-2.139818686232972389e-01	-3.382893259813992692e-01
-7.594970421213554923e-01	7.621210531127141641e-01
-3.048116359728745839e-01	-5.413044893666368873e-01
-2.355970103815582528e-01	-4.934876504252312945e-01
-5.648243572890307984e-01	5.925026861820039542e-02
-1.194385845600085955e-01	-4.632155989052640921e-01
9.923873490266473807e-01	-2.539940637510854637e-01
-1.872139993645489386e-01	1.711226412312436329e+00
-1.268153934631607305e-01	1.982699646010586569e+00
6.749640089271917720e-01	-8.895713182820194076e-01
2.627980696858535747e+00	3.129324054992864146e-01
-1.066187271837743422e+00	-1.533557874747213390e+00
-9.272688090155850604e-01	8.342108274444968163e-01
-1.460076566947921206e+00	1.082341989045814273e-01
6.666249780700380656e-01	1.107305205159029526e+00
-2.879013772816843453e+00	2.998645758646846238e-01
-8.812413897815836172e-01	-5.110922223306512135e-01
3.751849825097047569e-04	-4.516937303685026883e-01
-1.852375390504800601e+00	-2.678061401430927302e-01
-1.729825111016845829e-01	1.027702850629899967e+00
1.633127854805713486e-01	2.235455248187915023e-01
2.852753586230750149e-01	-1.071733351331044304e+00
4.548444292039087178e-01	4.793852930665574164e-01
1.936201227064863681e-02	-1.267462183304149725e+00
1.152942032609188594e+00	1.718530491727205678e-01
5.511496001185384186e-01	-2.489995965918143372e-01
1.555996414231544667e-01	-1.299523548897564718e+00
-1.194517622463443958e-02	1.421515726836594384e-01
5.303806136166365759e-01	-1.573815259413186007e+00
1.253956459151831480e-02	-3.440524558611764983e-01
-7.968124538342200025e-02	-4.431598702983455818e-01
2.628661172358535136e-01	2.689389143918705649e-01
1.215977255004035973e+00	-5.847851186185983874e-01
-1.286228559378523650e+00	-7.465554588303500161e-01
-9.094386017394148203e-01	-1.168257832788590855e+00
2.680745511372294998e-01	1.913007732692593610e+00
1.376297158595919168e+00	-1.017752104227913207e-01
-1.352263877228853106e+00	9.383845623841879924e-01
-8.690619222554366585e-01	1.291864792314878496e-01
4.690953784548749228e-01	4.922280315377966509e-02
1.316256779089816309e+00	2.292192798430300105e+00
1.076734980099505856e+00	-7.842677204755792442e-01
1.012819267720113325e+00	-1.058627742498418955e+00
2.328726588183951257e-02	-9.415205900320411381e-01
-6.080239901694667326e-01	-1.142330580218438252e+00
-2.614819959467595822e-01	-2.488599103222234099e+00
-1.077348935765662929e+00	1.364512766429115675e-01
-1.695917986193962723e-01	9.405109469219188334e-01
8.536292119028539016e-01	2.631729434121686251e-01
8.546179936230717811e-01	2.439923816128063416e-01
1.160982076939890417e+00	1.120667883301763146e+00
-6.273174212697179009e-01	1.030592035632790227e+00
-7.574949507036143892e-01	3.775535731465065603e-01
-1.081317390787955190e+00	-9.974867372342848260e-01
-5.554949317015338561e-01	1.445220041893017004e+00
-1.287869638600467104e+00	-1.186792684089390537e+00
1.355049781587298163e+00	6.622168535919618071e-01
-2.092289996743546432e+00	5.776751077197143092e-01
6.158220430828312830e-01	-2.044772173367177093e+00
1.483971925346971199e+00	-3.355093080989658971e-01
5.182682690192657454e-03	-1.154526355665067339e+00
2.061073583547167742e-01	5.335374451227153925e-01
9.167346961459282850e-01	-1.150894299947450516e+00
8.228791668663085757e-01	1.444976328161142742e-01
-2.502086708739502674e-01	6.595419005510156918e-01
-2.965608506370869257e-01	7.438834075907306831e-01
1.382375467877696718e-01	-5.701922125698741795e-01
2.132997999837454639e+00	2.480598646717002254e+00
-1.261922283411010648e+00	-2.070738599185228124e-01
-9.948018335560265824e-01	-6.864837076014070893e-01
8.975531441461577220e-01	-1.282298888747446242e+00
-1.138927740413484324e+00	-1.506578436287152156e+00
-1.629957079998980429e-01	-1.289213118949292802e+00
1.322459732801670729e+00	1.031363189207152642e+00
-4.401043538289295398e-01	-4.146717272574699797e-01
-2.316054225467293892e-01	8.679189390835669871e-01
-3.390961900251653893e-01	-2.906759545662981337e-01
9.115740724594741939e-01	2.149027300589596845e-01
-1.741882033678670838e-01	5.104555390330995507e-02
-4.873417439054851807e-01	2.033048014738167153e-01
1.136706403398961562e+00	-3.370826150976813373e-01
5.406304095116920561e-01	8.203562805951628567e-01
-1.260707818867529362e+00	-4.290604523698118289e-01
2.897804306241330008e-01	1.523415976482447309e+00
-7.601239208779730916e-01	-7.173110125292314621e-01
-6.459921936288230970e-01	6.979610063894504668e-01
1.097813657693579303e+00	7.120249254527506455e-01
-1.450941440208489475e+00	-2.056890695201522845e-01
-2.943857659009438410e-01	-4.396002169275758376e-01
-1.028949216029229063e+00	-8.571310974194419341e-01
-7.500744720039747016e-01	-6.939632489567529872e-01
9.607021727670751465e-01	1.127008794800546498e+00
1.866616275310005069e+00	1.020511953515713943e-01
8.189256237963031815e-01	1.290003667945950117e+00
3.517197924171047707e-01	5.453103798508543432e-02
9.861361382636901762e-01	2.785484860323556577e-01
-1.200710130488479299e+00	9.249641453766920263e-01
2.614838805314142478e-01	3.738353430087877904e-01
1.186179069932599806e+00	1.147080402987536163e-01
7.817190582253367159e-01	8.155308079255414455e-01
-1.721079187111489509e-02	2.346893417605532051e+00
4.058744649171673324e-01	1.732870076052733355e+00
-1.243128267814845866e+00	-1.304527179084246313e+00
1.334157738614540623e-01	1.785860099248941957e+00
-2.543634284119686284e-01	1.745964570635719859e+00
1.331652894584698821e+00	1.892604388869565391e-01
-1.538848193885782534e+00	1.696219825353302013e-01
-1.261260048045921955e+00	-1.963865957269816942e-01
-6.697145082123616699e-01	-7.634717972791469354e-01
1.856275191519037859e-01	-6.959008073413145423e-01
8.513254824344905769e-01	-2.486890519706158598e-01
5.803688680429716085e-01	-1.186105583895152582e-01
6.920252917341784826e-01	-7.939710588223349852e-01
-9.409145000162368877e-01	-1.018517951223770618e-01
8.690041602833393775e-01	7.400037489844381033e-01
2.603934129329758651e+00	2.245443307297357097e-02
-1.275641635354560988e+00	-2.671819736136397117e-01
6.460893015645154946e-01	1.185276676173503629e+00
-8.677092930802365878e-02	-7.643385336257649265e-02
3.897511069719770682e-01	2.285694366346792794e+00
2.460762635259912567e+00	2.586353270751755140e+00
1.405073274593534149e+00	4.188526928348333400e-01
-5.704181915357616761e-01	1.273809340143159163e+00
-4.377457788557794771e-01	-8.780011484386499587e-01
7.173530277973222402e-01	-6.407210182765463724e-01
-6.126692268029827471e-01	1.009012836220979925e-01
-8.184932119803360884e-01	8.230329504602565960e-01
4.223442212659864886e-02	1.282599018034799920e+00
-4.458811354523974924e-01	2.876394682270407843e-01
7.697043409583335105e-01	-1.070942175810751351e+00
-6.441381400359860177e-01	-9.809233569820478005e-01
-1.068838980927895976e+00	-2.484872684040012325e-01
-9.127667575415485679e-01	-1.128531699328257254e+00
-7.867531013372039972e-01	-4.105691680076589134e-01
2.919591856734552945e-02	-1.339925952275149712e-01
-7.827883229939540666e-01	5.813281525104253555e-01
-1.133630681036969845e+00	-3.355064142245036685e-01
7.556892783929062274e-01	1.364794551333496919e+00
-2.064842937519007826e+00	-2.877745592409302611e-01
2.367688440107048375e+00	-3.878483996882992665e-03
1.687239826033005263e+00	1.548454135566768308e-01
7.386319664685603303e-02	-9.440703026492546224e-01
6.814797560560778011e-01	-1.126148902284246800e+00
-8.285130801327100780e-01	-7.416785146538157347e-01
7.630475826599267819e-01	-2.483742771333742105e+00
1.336351028416797870e+00	1.195936241198831462e+00
-7.136111274203390531e-01	1.163368760699506010e+00
7.111537547435946571e-01	9.296638479267407273e-01
4.515917095460704189e-01	-8.138819013273811409e-01
4.379553257719887571e-01	-7.113920388236637526e-01
-4.505707905855059203e-01	1.112278596982603895e+00
1.389705014756958956e+00	3.124614922016821228e-01
-9.673890151073323285e-01	-4.568273605443599061e-01
1.190160760465012180e+00	-7.389475857209053533e-01
-1.954483097552371929e-01	5.073159384932367233e-02
2.575372779534996215e-01	-5.882012535406521136e-01
6.606199731883818371e-01	8.797114387425268855e-01
-1.202808098506444462e-01	-1.076904169422189694e+00
1.004118224487000166e+00	-3.037434487412144501e-01
2.762638921983132101e-01	-4.891625961404657552e-01
-1.347800252757762607e+00	5.201735219332495053e-01
5.822806479018181047e-01	8.105817440809077734e-01
1.717254212648202660e-01	-2.260601717951127854e-01
-1.396074029446443765e+00	-1.362177691187133499e+00
-1.220155572323593285e+00	-9.530060229769227176e-01
1.899386315319790075e+00	-3.933202901053596268e-01
4.143056944558116683e-01	-7.672288027022196033e-01
8.803346567132817047e-01	1.969922451162786192e+00
2.978344530595110617e-01	2.906692796617153518e-01
-1.558778625885709701e+00	7.133614422183946584e-03
-9.471470270644755107e-01	5.961419217179327878e-01
-7.506999972370417828e-02	4.078477409671523168e-01
-1.553683290403528483e+00	4.155681911945913742e-01
-1.211325688762278530e+00	-1.353189350880735109e+00
-2.801753868594872854e-01	-4.323376195272683464e-01
-3.385118900614323967e-01	2.228315890780406261e-01
-1.812442036832337677e-01	-2.420397616643250871e-01
-2.059302345980110083e+00	-8.598669722623834000e-01
-3.513920490938544083e-01	4.878235792996284820e-03
1.833944084487739268e+00	-6.680165744580067733e-01
-2.156391584373116288e+00	1.530377376329201011e+00
-1.780396682090447324e+00	-1.828321286664323253e+00
-5.112512990592639195e-01	4.599224034242143100e-01
3.700740866985769983e-01	4.179131096635380627e-01
6.698511704996903959e-02	7.151335786793738825e-01
2.390296152568722188e-01	3.030261559302183105e-01
-2.689513935421523172e+00	1.174005484581108760e+00
-4.195316400821892944e-01	6.461110766420975482e-01
-6.815437464072837681e-01	1.595266750687331925e+00
-8.101503111024619397e-01	1.051486271736283395e+00
-3.913352669748418888e-01	-4.830102423586202787e-01
1.079125531767940738e-01	2.637422550519241682e+00
-1.892601815975028801e-01	8.466700712719757993e-01
7.366077358700950928e-01	9.399975281440337005e-01
-1.549182051125782333e+00	-1.064243719935259458e+00
-1.208008035847828732e-01	1.442614780334348756e+00
8.586099820011043882e-01	-1.225259646011707115e-01
-6.473612523469023383e-01	-4.124357088789123438e-01
-2.284286388241698607e+00	-1.332042898288218480e-01
9.553006655821283388e-02	-2.538083024434408252e-01
-8.468544568975235887e-01	-1.843591653580879675e-01
6.786182510577415394e-01	-1.633293506880678425e+00
-1.206484466255754562e+00	1.227387349403956246e-01
1.980125869398248195e+00	1.086593885104305546e+00
1.735492557716005191e+00	-7.507410243356988921e-01
8.763665713179637218e-02	-9.674469073154736698e-01
8.082000702453865371e-01	2.412065951981772483e-01
4.077896533359692821e-01	-9.489205573531193094e-01
-5.841426125498505595e-01	2.738488331102432838e+00
1.361865322843770709e+00	1.040025394144350468e-01
2.187454299524091095e+00	-8.003975232360083236e-01
-1.146594694882369536e+00	3.289516929364123543e-01
1.777810778696055305e+00	1.793512153999943015e+00
6.283302329874697056e-01	1.152966303665871051e+00
-5.029476786977260527e-02	5.510108916098618304e-01
3.728348232610892987e-01	8.058372006876250992e-01
3.699641018606651954e-01	2.688672978669848779e-01
8.588142048492149183e-02	-1.160475298600978977e+00
9.870045750880808155e-01	7.167901792199250499e-01
-8.668110449123815897e-01	4.431522110468755771e-01
4.790977352425712654e-01	-6.102429556893113061e-01
-9.844497563653753502e-01	-6.784526567512281885e-03
-3.570224523258845317e-01	-1.086338488355846676e+00
-1.175522530635785934e+00	-1.668686701626271418e+00
-2.278099871915994612e+00	-4.048480126846189520e-01
1.722699343121631754e+00	-9.686396944948352239e-01
-1.311158774135906757e+00	2.354372093502837826e-01
-5.184105970693893284e-02	-2.693613945911482732e-01
-9.088177470984933060e-02	-3.650246578320130442e-01
-6.420667568410241000e-01	1.447829561865256798e+00
-1.294778202562921199e-01	1.093149461152431057e+00
-6.360784587666874768e-02	-7.902633160970764514e-01
-8.085943903844641234e-01	1.482941901175271804e+00
3.689046224517117945e-01	-5.803048684190056372e-01
-1.705878274395118188e+00	5.400574108281792629e-01
1.444812935275948673e+00	-2.192256517302484831e+00
9.773322687820910071e-01	5.423738128685721138e-01
-5.028101308882724357e-02	2.829075175659755970e-01
-3.752100533273920457e-01	-8.718739649076381326e-01
-8.239581796809484215e-01	-3.203571900241946602e-01
3.008856901965523134e-01	8.444204834868712650e-01
-1.442261369368777468e-01	-1.988687265605055821e-01
7.501189858506233099e-01	3.972177458212707846e-01
4.682774202392815388e-01	-1.016856141975991390e+00
4.763744783215470013e-01	-1.541664232215547381e+00
-9.140704710866328631e-01	-4.977404584419500289e-01
5.612047468996966826e-01	-5.174458578910069440e-01
1.471079328515853435e+00	2.721516916967392508e-02
1.061530681184360558e+00	-2.605417244155542100e+00
-1.401965438046828050e+00	-3.156658227426777374e-01
-6.972264871559340493e-01	-1.238438531429673972e+00
1.761737125281060745e+00	-2.521897242702824671e-01
-7.422588761212917108e-01	-6.297611089681695029e-01
-3.623511689339443675e-01	-8.096588485938454038e-01
-5.626746938106618606e-03	9.204905119148772963e-01
1.306147747566495376e-01	-6.298348712600183863e-02
3.067835574614461436e-01	6.621115133895861815e-01
-1.397638685899863287e+00	-7.022496424037568685e-01
-1.728200349223657950e+00	-4.967683715049996951e-01
7.466319398921069661e-01	-3.463657760558894738e-01
3.712080127972333665e-01	1.092048017010835093e+00
5.927840242912871815e-01	-6.404423721759201493e-01
8.564070070424842362e-02	5.170861757925279134e-01
4.835475693869082381e-01	1.668890947675486736e+00
2.581312629827697824e-01	-7.990616221566851918e-01
1.148842251334911913e+00	5.362158969103755224e-01
-9.283371339837389602e-01	1.248362241819775065e+00
-7.984834373247191586e-01	-1.708175894225753666e+00
4.309629309316688750e-01	5.184176128869124600e-01
2.551340430657112357e+00	5.656863583315736160e-02
-7.647765030951498844e-01	-1.137639970258903510e+00
-6.465082890529678661e-01	5.714866504873417075e-01
-6.556784422881658525e-01	-1.942673447896022365e+00
-8.896593655848451521e-01	-4.508297664088849882e-02
-7.141652122117901902e-01	-1.408069807458529166e+00
2.352970980772673415e-01	-7.133616087998035926e-01
-1.426074724969314644e+00	-5.970519847801879498e-01
1.324276939849464041e+00	4.189743642550911029e-01
1.882861985491385282e-01	1.933618791404205339e+00
-6.476944480196021869e-01	1.587042894419441019e+00
6.278997006946535064e-01	4.076691318138128683e-02
8.628956847361959337e-01	6.556744975342627679e-01
1.060993655668248214e+00	-1.801786065800939474e+00
-6.222685775651833895e-01	-9.635993968084030081e-01
-2.619405473342446555e-01	-8.627615187891445325e-01
3.074296609188314489e-01	-4.880898796474980039e-01
-1.756319032452875739e-01	-1.336823653245478027e+00
-1.815437558256994752e-02	-1.834724613894334722e+00
1.021408387373061943e+00	7.231008599778183665e-01
-1.692477867679255565e+00	1.498570633934595664e+00
4.284831720649293074e-01	-7.407630670404619089e-01
-1.205590569575486493e+00	-1.174840559947467167e+00
1.937560663199326128e-01	1.336189649240777877e+00
7.312016229556823621e-01	1.334842885058659945e-01
-1.515551395023797543e+00	1.673435899876303701e+00
4.674930285789668516e-01	-5.318886024549459579e-01
-7.179747718379734245e-01	7.715676833542953750e-01
-6.385866817912254634e-01	1.667716943466513113e+00
8.577476537657343636e-01	5.100214077468943064e-01
1.757293194300575623e+00	3.083684636403106194e-01
-4.266399592642227678e-01	1.993354412463438807e+00
1.250151388576209666e+00	2.398932275734148689e+00
8.105639579246695092e-01	1.542343741144606983e-01
-3.927423299248299915e-01	3.630051909109345831e-01
1.774030572176493070e+00	-5.550216756892819570e-01
-8.859206480041509346e-01	-1.148957560043644355e+00
1.090142604623227096e-01	5.039226879656083513e-01
-1.473553881162630308e-01	-1.189074270824605817e+00
6.620392072945028294e-01	-1.250911756060312685e+00
6.093580002016765196e-01	-1.642962329925558240e+00
-5.183249756140155817e-01	7.220026125894789260e-02
5.828911435431359811e-01	-1.297536758040013005e+00
-2.057482785153917082e-01	-8.381276700087406661e-01
1.306464793450652084e-01	-7.483931603114889475e-01
-6.856120914035783720e-01	4.032557268296652064e-01
7.616293014730668443e-01	-8.969374744788888298e-01
6.458072749845250593e-01	-1.125299260470431273e+00
