0.6586989985571174	2.4061401383256382	0.0
2.4730488534656665	-0.2944775256966881	0.0
2.6368690124435661	0.0080383771121334	0.0
2.8671410245620002	0.5118056701465209	0.0
2.5797599458776723	-0.3074891294789657	0.0
3.1601602683528327	-0.7091240098438274	0.0
3.9555342241286717	-0.7503228803834417	0.0
2.0124381757714289	0.0754608291976362	0.0
0.5222766080996882	2.9473285932613984	0.0
-2.3389123418230420	-0.9538304231062767	0.0
1.2201201136530095	-0.3050498972223347	0.0
1.6388245287943455	-0.1035948789456621	0.0
1.3833259238871236	1.1524174468089132	0.0
0.2683008316615517	1.1685026292690517	0.0
4.5227134103518951	0.5754177034693624	0.0
2.7016594900238413	-0.4449725220472417	0.0
1.6069517821650003	-0.6476897294521416	0.0
2.1939330771299166	0.2609611086081966	0.0
2.8124554796976389	0.4579497572357965	0.0
-1.1045851464706757	1.6947765801861334	0.0
-1.3250603206854690	-4.0416256739434084	0.0
2.4899422488071408	0.3185338843574372	0.0
1.4746412184978013	0.1453885440570390	0.0
-1.7528805820781830	-1.5688172450263311	0.0
2.3812388109680600	-1.1993900861875431	0.0
-0.3206167924755357	-0.5018227169456945	0.0
-3.0382463373405484	-0.8233617603927226	0.0
2.6584856380406832	-0.8031516234051702	0.0
1.8028188864375831	0.6930922404406299	0.0
-0.6806694217385223	0.7236095390489659	0.0
2.6232977950694187	0.5484876273301009	0.0
3.3461763161238425	0.4539508009783415	0.0
3.9397939540158640	0.1706322382227786	0.0
3.2579329584817223	-0.7814954651840235	0.0
1.3580516239531624	-0.1953800069920799	0.0
-0.4448503445131235	-0.9240239781048506	0.0
2.3006804723751269	-0.1004902836627413	0.0
1.9661063376469985	4.5752321581365845	0.0
-0.1435195232024537	1.7230173246436025	0.0
-0.2006622230402009	3.5163462200943418	0.0
0.0982467481475850	-1.5456172386990068	0.0
-3.1497603572187471	1.0572266695959034	0.0
1.2772784091589529	-0.0590959035222113	0.0
1.8941162974593009	-0.4610156087098530	0.0
1.3599419258492729	3.1676420820699973	0.0
2.5594486906569958	0.3516710356598766	0.0
1.7171997705743072	0.2106363149075948	0.0
2.0551130755424154	0.7024099764763040	0.0
2.4034115302779253	-0.8253226760773351	0.0
3.5629052203062979	-0.3586939885614908	0.0
2.2435156843860349	-0.1321054211377830	0.0
-2.0330025766936322	-1.4083075321228524	0.0
-1.0655122643001695	1.7814734577478253	0.0
-0.6737561713497120	-1.8564028297997035	0.0
1.7763607077578749	-0.2717644998504858	0.0
-3.0012658277399842	-0.7492000499370688	0.0
2.0601367577840231	0.2659688425188959	0.0
1.3954031271585667	0.0367447440835599	0.0
2.1762213674427491	-0.2074766619960173	0.0
1.0735439067621071	1.1043474309597989	0.0
3.8595919318438709	1.0270716391551846	0.0
2.4770437439386810	0.3737531894960378	0.0
-1.9617165120580331	0.1729060937015023	0.0
1.1393111124241764	2.1783709719120301	0.0
0.9701196511181970	1.6257745426991079	0.0
1.9304239481700305	4.6179079759269621	0.0
3.2296955955692406	-0.5361555723550399	0.0
3.1378205818784366	-0.2821333685369326	0.0
2.7317109627933003	0.2761411215204761	0.0
2.3948780461734835	0.5977706914580753	0.0
1.9917400633597468	-0.0225186860251321	0.0
2.0256146257981285	-0.7714485948227267	0.0
-1.5559619324560170	-0.6653432406043139	0.0
-1.6331236928346458	4.6067884371205592	0.0
2.3995813807057438	0.7587663602275631	0.0
2.6938297998630931	-0.0623482106010753	0.0
2.6676389431689183	0.0060322771493162	0.0
2.8805354450476743	0.5795844559629291	0.0
2.3834643294427900	-0.1310526751983689	0.0
3.5689264367328661	-1.3379508448155459	0.0
4.7433752360856660	1.0202841748760345	0.0
0.9747539561832358	-2.8957193278035409	0.0
2.2535937478322738	-0.2141530804812180	0.0
1.7317428870054210	-0.6449371190129362	0.0
-3.2208406698248244	1.2986526921945896	0.0
2.4152748773270183	0.0703110385096537	0.0
-0.8475157645395528	-1.2812807114164215	0.0
3.2521173960519509	-0.8319475306041740	0.0
3.3520958827293663	0.6375321194087085	0.0
3.9186853816929306	0.1659674460730958	0.0
2.7954965205162723	0.0237369532466192	0.0
1.3697495861267810	-0.0682799919512464	0.0
-2.4798472605176638	1.3894875331223651	0.0
1.4085852519325375	-0.3096314245119729	0.0
1.4710359754591997	-0.2038169617952477	0.0
3.1762664517373724	0.2646770826949778	0.0
1.4912005561074058	-0.0804138986875521	0.0
1.4423288403655055	-3.1553954520007688	0.0
2.2792378331401872	-0.8123766594112160	0.0
1.2176615747203279	0.2424050829998727	0.0
-2.8305170235895210	-1.8033352910869347	1.0
-3.5470775109887036	-3.3661485528231361	1.0
-2.5515645172167809	-3.9827773237723383	1.0
-1.5158739425926655	-1.9940980721170616	1.0
-2.3411827290952112	-2.1277562999306352	1.0
-2.4793443257913408	-2.2568997305674423	1.0
-2.6676037851524268	-1.9364944211391122	1.0
2.5326413719413057	3.9973202699535251	1.0
-2.2669360384116963	-2.1964394715306237	1.0
-2.4964341375610677	-2.0646236906125033	1.0
-0.4925361061755236	-1.5449354388002416	1.0
-1.7613557726504823	-3.7691390233367481	1.0
-3.1252202057564258	-2.6536995291861745	1.0
-2.3726157676891644	2.2341342994385567	1.0
-1.3211994684583399	-2.3279441330213597	1.0
4.7169970790544751	1.7568638961070600	1.0
-2.4221905347517279	-2.8987516438031387	1.0
-2.2800307603582723	-3.3579693984651238	1.0
-1.7975437193939683	-2.2591105175119317	1.0
-2.7031489888154963	-3.8576174656043114	1.0
-1.9463764903612326	-1.2467308541393607	1.0
-1.8610320376250851	-3.1100799243402251	1.0
0.7422963033479303	-2.7050196486279452	1.0
-2.1801199499685335	-2.6606707267335636	1.0
-2.5914258917986754	-1.5379285038823092	1.0
-0.5622564789639869	0.1159617678812184	1.0
-2.7191733973109851	-2.4281492091425427	1.0
1.6688725854721309	-3.7641798268977809	1.0
-2.4531447428822446	1.8766308588328708	1.0
-1.3558701758197040	-1.8893099781884981	1.0
-1.2202419295927285	-2.3322966150659390	1.0
-1.5583753796676356	-2.9588948509445565	1.0
-2.9500169027339371	-2.5936410451156546	1.0
-2.8308329428351819	-1.5097588423157446	1.0
-1.5895132563588592	-2.1866537164017430	1.0
-1.5609869756784873	-1.9795373494447803	1.0
-2.0830384951601792	-2.1853475535122060	1.0
-2.3983626797309623	-2.1581260179747801	1.0
-2.1809959714281186	-1.7113106273532113	1.0
-2.8141197278681194	-2.1487372302116623	1.0
-2.7858959996297168	0.5745322556050728	1.0
-0.8164932996097806	-1.6873318285304846	1.0
-2.8441932149782918	-2.8985495540452337	1.0
-2.1669799425801823	-2.2128119961603736	1.0
-0.6821277692335437	1.2969290356221597	1.0
-0.2709750264274013	-0.9856458742332874	1.0
-0.5752109352842480	0.0323118992621852	1.0
-1.8577158368190285	-1.3411512122903790	1.0
-3.8257660366111392	-2.3234135153914859	1.0
-3.3526483209285658	-2.5834047516901175	1.0
-1.5044168024848776	-2.3166048578115275	1.0
-1.9260474113391046	-3.1846047473512105	1.0
-2.7033793953102929	0.0722897454925871	1.0
-1.5181872610791278	-2.6434690459009609	1.0
-3.6595629006818102	2.3953213030190388	1.0
-0.8164075982331729	-1.8369700083136193	1.0
-1.7760900930004682	-3.3376893826244332	1.0
-0.9108493433493248	-1.7459596547128720	1.0
-2.0827691163468729	-0.4288964393988095	1.0
-1.9932001502501484	-1.5382052081424491	1.0
-1.4661201115261033	-2.4070181818526080	1.0
-1.4363710625892958	-1.4987182875244400	1.0
-1.7580153310326714	-1.1281530046747734	1.0
-3.3300514224845248	0.7822323112204335	1.0
-2.4012201672228373	-2.2726515224237627	1.0
-1.4953312866514976	-2.5299682304792683	1.0
-3.9284966539294057	-2.3037090814582051	1.0
-2.1985609085072775	-3.6412802500307850	1.0
-3.3535198039142862	1.3942448719992397	1.0
-1.2903524741266543	-1.2876089746528212	1.0
-1.6892635019279190	-2.8006207958576974	1.0
-2.8744437411047064	-2.9338572247583508	1.0
-1.3987562554780988	-1.4752773979615346	1.0
-1.2491263889172457	-2.7820017250079685	1.0
-3.2721959262577536	1.4831545608077703	1.0
-3.2747410245450688	-2.6887877105516411	1.0
-2.1599456168523097	-2.0613686136838307	1.0
-2.3996380110729798	-3.4302795943531748	1.0
-2.3542731526041960	-2.6912011545862762	1.0
3.2757123344937922	0.3246001104922586	1.0
-2.1065139401819226	-3.7084092517701825	1.0
-2.1235785117634838	-2.7096760767282162	1.0
-3.0771140953137950	-2.4572652757072326	1.0
-1.8001774737260585	-3.0375291875320900	1.0
-1.6980953731373951	-3.3247357560567470	1.0
-2.8295316701851960	0.7265988442261682	1.0
-3.2567954661716456	-2.0542344301220812	1.0
-1.3895202200122760	1.6582970753576141	1.0
-1.1571021297889179	-1.9784909656011624	1.0
-2.1672417077635107	-2.1129216752796589	1.0
-2.5137502212697531	-1.8130690509216778	1.0
-1.0608241499854880	-2.9157784569002856	1.0
-3.1662694614507596	-2.9617368196074758	1.0
-3.1123309674787518	-3.7376221003351504	1.0
-0.5327012253053834	-1.2717286196141677	1.0
-0.3572533746844666	-0.8910705153822659	1.0
-0.2833989879694208	0.0816336102598956	1.0
-0.6638186338201063	-0.9535920480791346	1.0
3.6737727646658271	1.3434798367112790	1.0
-4.0423641805123687	2.2665057034506955	1.0
-1.0289982479018958	1.3897004289474695	2.0
-1.3642960539252442	0.5250739275100783	2.0
-0.1696806253954428	-0.7390103818228373	2.0
4.3248836961911143	2.5246612939892050	2.0
1.8170650894966931	1.1821012842706564	2.0
1.8872347741723126	0.9152833427744502	2.0
-0.7623798476852294	-0.7712170926682947	2.0
2.0719459626439556	1.8903588259394906	2.0
0.0170104099335384	0.4803348922181695	2.0
-2.8762503899999992	1.2785429611053138	2.0
0.8065516224462360	-1.1962853192107632	2.0
0.6139586847595611	2.0328721529588782	2.0
-1.2417081794862499	0.5993404539614509	2.0
-1.7385451525595998	1.1494287526468219	2.0
-2.7762117675917435	0.9224535076127724	2.0
0.3175655874274586	0.4421585884544758	2.0
-0.3786798149678402	-0.6056524765698612	2.0
-1.9318855826162049	-4.0811787837387952	2.0
-0.4688575486739529	0.7581377617232931	2.0
2.1838005331138057	3.8045054398786320	2.0
1.9231546043645653	2.3925928043834497	2.0
-0.7099942186476537	1.2517518236106489	2.0
-1.3080139106275410	0.7604476395277743	2.0
-2.2919622686807952	1.2637841100023741	2.0
0.7757097815447243	1.2355220155866184	2.0
-1.7634706612219364	1.1907930522251204	2.0
-0.6764565981588506	-4.9337248826285256	2.0
-4.7144161830348033	-0.1569454280808967	2.0
3.9055564209871321	0.0920691670678360	2.0
-0.3083645379393398	1.0895032758206518	2.0
-3.9900975006135040	1.1971457470942957	2.0
-0.5307974976081580	1.1043834920435878	2.0
-0.6713232735920313	0.8698291075503307	2.0
1.7843142389173257	-0.9158834380719729	2.0
-0.9084211164297155	0.9629110774681326	2.0
-1.5621310005510165	0.9800118254375156	2.0
-0.3349738296702834	0.3112236397439325	2.0
-4.1586267464193138	1.2147930664577422	2.0
-0.8992022066084004	-0.2556706745933973	2.0
-1.4783682984921209	0.7534496577865643	2.0
1.2552923463337857	-4.7555725135763902	2.0
1.3223508093202554	-1.5544441134341604	2.0
-2.4792688954871855	0.9300707145465489	2.0
-0.6713350744541140	0.7030766207200346	2.0
-0.2956336491151066	1.9885619299444988	2.0
0.1330160786873946	1.3117763020524245	2.0
-0.5676072486974861	-1.3038207641564628	2.0
-1.7578247897301678	0.2719119114211170	2.0
-2.2648080170013896	4.2774422513674439	2.0
-0.6362205343474292	0.8087335092988898	2.0
-4.0898471980456153	2.0418220229726223	2.0
-0.1226869884863975	1.7984518081764844	2.0
-1.1692482392323942	1.4400977891235578	2.0
-1.2565160137309681	0.5841358717874625	2.0
-1.1088089655095350	0.4305398847079638	2.0
-4.3636639484246622	1.5323398940427442	2.0
-0.7748306543011441	0.6722426545134882	2.0
-0.2465751460975029	-0.8623027817186307	2.0
0.4975141087365408	-2.8692850252375024	2.0
-0.3108521139486315	1.1076429317109191	2.0
0.1815810462083368	-3.4752289534466052	2.0
-1.1772664410613585	0.5560330989493419	2.0
2.5025728383097166	0.7627734782337171	2.0
-1.5631773403430016	1.3184675363737890	2.0
-0.7682423047500322	0.9899577195094015	2.0
-0.0226572814575083	1.1094303580205771	2.0
1.0721892432472726	0.7858852791621870	2.0
-0.0126862945811048	0.7807742118854204	2.0
-0.4837402428235320	2.1271637433562689	2.0
-1.3330451785447133	1.4503514268148856	2.0
-1.7257259153465669	1.0438067689479718	2.0
0.1223999010197741	0.9174306514801744	2.0
-0.1458870352771012	-0.9778933785783318	2.0
0.0280789928631090	0.7508672443053349	2.0
-3.0604142190788641	2.0184451378991750	2.0
-0.6559603711416119	0.7816755518785931	2.0
-0.6629521648690258	0.8298520179203271	2.0
-1.6479815260872344	0.6735258749249393	2.0
-0.5460437921788039	1.1620485895827042	2.0
-0.1181621161709156	0.8794940275815755	2.0
1.7719058066604145	3.5438978169004756	2.0
-4.0495156342948082	2.1407328028771921	2.0
-2.3761291036095642	-0.7696660189489530	2.0
1.7218097600241420	0.8665128653816953	2.0
-1.4845170623706914	1.0447430454417426	2.0
-1.3214187281051699	0.8382679181769412	2.0
0.5519100968814505	1.3934978440034467	2.0
1.5640688813832118	-1.2000737881186689	2.0
-0.3995272998553552	0.8443818667424280	2.0
-1.5008772963198240	0.7551996432104208	2.0
-1.1215563570511704	0.0001336272939002	2.0
-3.8053879912279731	2.2724375095939693	2.0
0.2397731251962621	0.9700790972974461	2.0
-1.2603652320602299	0.6084780265993971	2.0
0.4323434051618373	0.6148272791319814	2.0
-0.1774565044995525	0.7704496994479770	2.0
-0.5962458007195388	0.9109280067397058	2.0
-4.0838641516982905	0.5063064511949105	2.0
0.6094178086808486	-3.0206220169450524	2.0
-3.9768972236793543	1.1602941383777088	2.0
2.2177303271027204	-1.8981683556728539	3.0
1.3584432132933013	-1.5005942253425659	3.0
1.4734611218061417	-1.8653952325470042	3.0
1.6448766031477793	-1.7718437185531120	3.0
0.9952822985319164	-1.6692513136577218	3.0
2.9483020162349058	-3.1574792200069797	3.0
2.8018294805669357	-2.0484238700572632	3.0
0.8343973879648069	-1.5722830700813508	3.0
2.8273217106249748	-1.1749152877407725	3.0
0.9840158239473659	-2.0482659027133168	3.0
2.0779873725212452	-2.4375059157575043	3.0
1.6594804790069415	-1.9028941182395138	3.0
1.3801075494075370	-2.3907717245761786	3.0
2.0523148641671871	-0.8978446181420002	3.0
2.4434680065179104	-2.3024587277733670	3.0
2.1370069785065704	-2.1555552655058952	3.0
3.0917484064674525	-2.7251372496566839	3.0
1.5612374993516003	-0.1688297003769343	3.0
2.2725459515570825	-1.7413131955480730	3.0
2.0945876780372483	-2.1749776507431076	3.0
2.0844085515459088	-1.7893070113923362	3.0
0.6274319085968533	1.9226723629430114	3.0
2.1193589124057608	-3.2250759007668592	3.0
1.6561331692533436	1.4743857346842786	3.0
1.7571476471686069	-4.0375107962811594	3.0
1.3040722214160059	0.9890355839184224	3.0
2.9343113239569170	-2.3202734024882905	3.0
1.6639640081996823	0.4342132675469009	3.0
3.9738179203063217	-3.0603983601932327	3.0
2.0114576270710596	-1.9486020599672418	3.0
2.8308963082842928	-2.5640107149917215	3.0
-1.5912441657832845	-1.2867027979664289	3.0
1.8673352655236171	-2.4913800466910687	3.0
1.5138410212759399	-1.1632021404074566	3.0
2.6214425370219905	-1.6770767265533224	3.0
2.8730844397718553	-2.4210013617229524	3.0
2.9610727191676580	-3.3951536856234865	3.0
2.0179748070636427	-2.2455791877522113	3.0
2.4917099870386954	-2.8331339217005063	3.0
3.0334389581494570	-2.6716750636126267	3.0
2.4592159676683147	-3.2125172412624230	3.0
1.8353111550230570	-2.0078629018352272	3.0
1.7915956466751803	-1.5476963003722370	3.0
0.5273585297624490	-1.1369999809068638	3.0
1.9574592215637223	-3.2304454536346414	3.0
2.1682261749628524	-3.5559290874618967	3.0
2.6859888213441723	-2.6477461065272450	3.0
1.8525452399539604	-3.0466533350335854	3.0
1.5183178746688140	0.6931635542859115	3.0
3.8981413822554929	1.7158543518925216	3.0
2.1060858904297821	-2.3045720928249889	3.0
1.5574833354024322	-2.1402268165424596	3.0
2.1736228575348391	-1.2219721395396541	3.0
-1.2672047077348272	-1.9971233090388743	3.0
2.7179936763439221	-2.1628555077351197	3.0
2.3482186554515585	-2.0727078690141778	3.0
-5.2363172680067480	0.4568161795057243	3.0
2.3744251944681971	-1.4252703839998262	3.0
1.3072240546326084	-2.1275791634119945	3.0
-1.0259664054872211	-0.6613540644904826	3.0
1.8111780338390020	-1.2493927795472777	3.0
3.6722705762338377	-2.0394183513904558	3.0
2.9581712320588434	-2.3801180686631547	3.0
1.6650536576434209	-0.8769344921489322	3.0
3.1716678709648014	-2.6381232117225277	3.0
2.8849571636906930	-2.3527747437996283	3.0
2.1208608551221366	-1.8612287497023956	3.0
-0.5132669748627920	-1.2663352630489186	3.0
2.9684479276052649	-1.3018373743875935	3.0
-0.8064213019607944	3.3375896891427121	3.0
2.6070502384681480	-2.6439919938788292	3.0
1.8245037188442541	-0.7914998543661916	3.0
1.2217266743601509	-2.0081473474246838	3.0
2.7857589570849992	-1.0469080067253553	3.0
1.6807902360059379	-1.3016752073992883	3.0
-0.2015950670697124	1.3302365286366833	3.0
2.9024559535463741	-3.7927410334710441	3.0
1.8862715074094814	-2.4638909695514557	3.0
2.5981410131012006	-1.8261959615571282	3.0
3.1213233155802875	-2.8189427235886328	3.0
2.5893914987707087	-2.9926819257150581	3.0
2.2607159604516971	-3.7038380038994121	3.0
2.7017010194251760	-1.5588469625299537	3.0
1.8183713931854688	-2.3596173442948172	3.0
2.7611638438294928	-2.1898210081478613	3.0
2.5202429177096382	-3.1515438113663907	3.0
2.3471366057571625	-2.7049054278828164	3.0
1.6046821254058026	-1.8218988014683541	3.0
2.6538365665725321	-2.0507835746158980	3.0
1.8407790027172726	-2.0155238734146659	3.0
2.2053542058913105	-1.1518289549231362	3.0
1.3183036075991239	2.9391504231380883	3.0
3.0666945499961127	-1.8034189956746218	3.0
2.3249767120152418	-2.0405562654030356	3.0
2.6623427321152251	-1.5812882709490523	3.0
1.7324048432055286	-2.7535739325687656	3.0
3.0130893041927185	-1.5519647256087656	3.0
3.5016352054496545	-1.9512443328989491	3.0
1.1067799947179151	-0.7892833316636911	3.0
2.2765389569945800	-1.7666438988794979	3.0
-0.8197012030643731	2.3459665941522396	4.0
-2.1915153161922927	3.0469283971971413	4.0
-2.1842046095061867	3.1445145248302770	4.0
4.5503626445229814	-0.7066566100663813	4.0
-2.3026781125771101	2.8537211986184188	4.0
-2.8528194785373291	2.4166022943650463	4.0
1.7056516325666893	0.6392308167456836	4.0
0.3912389014559639	1.2361591642995058	4.0
-1.5911494582202717	2.8698160734180642	4.0
-1.7318730177784749	1.4594601868215644	4.0
-0.0865544041755027	1.5005001353037204	4.0
-1.6520232777909492	4.2805282562653462	4.0
-1.5150746181598878	2.0443235444306582	4.0
0.2314622807752117	1.4622657118231808	4.0
-2.6984583846642485	2.5546979494900244	4.0
3.3352991309829334	-1.6744379335418476	4.0
-0.8250471227176933	0.5244465311643606	4.0
-1.3303983235512471	2.1399857942825853	4.0
-3.4506465327801648	3.0529964881650864	4.0
-2.9383435938026672	2.3678708075898940	4.0
-1.7389692703246855	2.7312666395020275	4.0
-1.3401031782662804	2.4312273973964276	4.0
4.0454682120881529	-3.0889084194272169	4.0
-0.7350070671110530	3.0074287751006743	4.0
3.3581782521353380	-1.2835811978064458	4.0
-1.2781329236948371	2.4336758745631202	4.0
-1.4273192819371467	3.3988415794154703	4.0
-2.8856872894143146	2.6188211255129317	4.0
-2.7724430437726282	1.9855669989322635	4.0
-2.5871553891802801	3.0574710455741965	4.0
-2.1084766747862953	0.7741174661026556	4.0
-1.1129060309273835	1.9677231989723074	4.0
-1.5405676309512111	2.3930282467899335	4.0
-1.7833427903396897	1.9111710498035086	4.0
-0.9526866095595936	2.1402756961138283	4.0
-1.2556873895453107	2.4716267872681903	4.0
-0.7837432152634470	1.4713471847520225	4.0
-2.3008067154590508	2.6574205651802640	4.0
-1.4154828740221881	2.7304491068942269	4.0
-1.6711834071996612	3.0931993281171573	4.0
-1.5472651895734126	3.8815299909270520	4.0
-2.2916843502728432	1.7425730395239349	4.0
-2.0366817136179018	0.0528909227548128	4.0
-1.5808033571435869	2.3491695077425141	4.0
-0.7207630677259775	0.4517787496665199	4.0
-2.5099400303272685	1.7783598319173211	4.0
-2.5925592081622728	2.0505336874486506	4.0
-1.2931815644746900	2.8352582562895612	4.0
-0.2085380374841557	0.8822049461033703	4.0
-1.2908960255536850	3.3999069439594236	4.0
-0.1887049788235191	-1.0554438954918506	4.0
-1.8187437672067737	1.2780697093072493	4.0
-1.5708743267595384	2.0646227616848463	4.0
-1.9275409442370177	2.3916144889384525	4.0
-2.0063030061325553	0.6941882310604117	4.0
-1.2812285404800912	2.3342698481283124	4.0
-2.3339436254529655	1.3644114188815317	4.0
-0.9776246233453409	1.9679353196607896	4.0
-2.3279579990905774	2.9609264566832727	4.0
-1.6505912021620452	2.2576742825990790	4.0
-1.6310869907219652	3.1682384613661752	4.0
-2.2675483312992797	3.7984359658817106	4.0
-2.0068170982962203	2.3807142811937698	4.0
-1.1734102914311306	3.0488926985743374	4.0
2.6993940742266092	3.1334909242571527	4.0
-2.5735487740930365	3.3346528357756626	4.0
-2.8937493899952718	2.4709657222160408	4.0
-0.3468166635775262	1.6405076590315935	4.0
-2.1300824882983678	1.9376695707908398	4.0
1.7423818066884256	2.8005924069625019	4.0
-2.1903902327424523	2.2391764660076627	4.0
-2.3089637565889776	-0.8995374237583686	4.0
-1.8218792165112168	2.1029278675355534	4.0
-1.8593731652647956	2.5382385551745124	4.0
-1.4894048507381330	0.1872727711799885	4.0
-1.9485508383901153	-0.8959069415642498	4.0
-1.9208870834497800	2.6283036035486336	4.0
-2.4642366776795082	-0.8992615632520001	4.0
-1.9609665700791903	3.4868549287771642	4.0
-2.0461734778269283	1.2399470907773011	4.0
-0.4853223684946409	1.9756296044401342	4.0
-0.6349684966084671	0.1912565252010152	4.0
-2.2864004167181928	2.1404780623350423	4.0
-1.1518231240887651	3.8665702788914342	4.0
-2.0360206230105882	0.8367410173013208	4.0
-2.2412264178730545	2.8061891295347143	4.0
-2.8218328416793828	3.1268770694819548	4.0
-1.7977757305955453	2.1732130328472610	4.0
2.6826061880694119	0.1387588046167512	4.0
-2.6912554331446876	1.6430057312401289	4.0
-1.7379578267134754	2.5972638433794075	4.0
-0.7627895213659376	1.8824331003803529	4.0
-1.7526954232497802	1.4162710179910922	4.0
-1.5046663874150170	3.1548216058677157	4.0
-1.7521476778994640	1.9571417802149655	4.0
-2.1499600835476920	3.8296143728913159	4.0
-1.6236435699556080	2.8489533779955729	4.0
-1.0375258032833896	3.6572574868093803	4.0
-1.3031819525023729	2.5003094239602719	4.0
-2.9367477305042842	2.8609360382650149	4.0
0.3937790046617630	3.2784694794750866	5.0
1.3393516816803850	-2.8992590937749676	5.0
1.0051592548628474	1.4092463963745689	5.0
0.8387629895911214	0.4810305554729825	5.0
-0.0777386034000525	1.4262162449770615	5.0
0.5036876344911634	2.7795195389127203	5.0
-4.0605420999244233	-2.3041426276352532	5.0
0.7414187023036469	1.7976115334357949	5.0
-0.1517476448938778	3.9539311448760910	5.0
0.7314033494871067	2.7398394479110673	5.0
1.4145594167324587	3.4232749063236318	5.0
-1.1246806214636018	4.5489981051667883	5.0
0.6404174325547286	2.4051273533939406	5.0
0.6713404452191547	0.7770951630204788	5.0
-0.5893198113728811	3.7715992928989488	5.0
2.0093509650464219	1.5570889823688154	5.0
-0.0394715974181740	-1.8425781814790130	5.0
0.9351746779727999	2.8067625387788651	5.0
-1.0306720255523254	2.2352557682325056	5.0
0.6161241094072354	2.8496913396216796	5.0
-0.1580498032667171	1.9874932025721548	5.0
-0.1436453277270492	2.4535805507508579	5.0
0.3068933864125675	3.9211525895574457	5.0
-3.4853939322490537	3.1441506670857060	5.0
-0.5402223701521699	3.0774375957096316	5.0
0.6005930582378389	2.2062803090342298	5.0
0.0190370417627700	2.4042179866241282	5.0
0.0051084348802346	3.6120226101542272	5.0
0.3358292022162532	2.3695204649811101	5.0
1.5056371289843107	2.0731351761313488	5.0
0.3129792615960475	3.3097336908868584	5.0
-1.0275124786357028	2.7056661320857076	5.0
0.7426245927248730	3.4054510739770518	5.0
0.1813986630319595	3.7808086192590395	5.0
-0.5250348869235307	0.0697168491040584	5.0
0.0460001039525744	-0.6264688203177667	5.0
0.3223998865408406	2.2324320251784289	5.0
-1.3627717717942511	-1.7584507250981867	5.0
-0.1133379664351934	4.3184170409052616	5.0
0.3172045992592590	2.9465170918578858	5.0
0.7827866021976920	2.7412565657198718	5.0
2.3010565465868802	-4.4825550779358174	5.0
-3.5551940638107347	3.0751498209808807	5.0
0.6999941852250482	2.3932393611407097	5.0
0.1326524213853701	3.3602206688160199	5.0
-3.4788599901077513	-1.2906365969114355	5.0
0.2965415728287946	2.4754429192978811	5.0
-0.1090655482764233	3.0682227312491563	5.0
-0.0807760375070826	2.6515221293020605	5.0
0.5718427478666522	2.2101713707940362	5.0
0.0764070210764092	2.4622926745559344	5.0
0.5493647018039504	2.8028223760875788	5.0
0.2797204297104111	3.1175927867326001	5.0
0.9425315585758316	4.2294545298597548	5.0
0.9702992573510252	1.6981625189056775	5.0
0.2050232596275126	3.4179754014930031	5.0
0.8247184224013301	2.7266121950223252	5.0
-0.4855023596823320	3.8575511286977973	5.0
0.7589021595005793	2.6423257759247889	5.0
-0.5536381453036888	2.7379182080250395	5.0
2.3830055560233117	-4.4719694552097495	5.0
0.1733124104379876	2.7990639344334132	5.0
0.6368932016113618	1.5968625398166150	5.0
-1.6576639637072625	-1.2904703576790970	5.0
-0.3156181445501090	3.5904967856285177	5.0
1.1945484126686452	3.7913220718016167	5.0
0.6608614419840613	2.9552955207137663	5.0
-0.1918711618298611	3.4522385600313346	5.0
0.3748881327765358	1.5707964696374532	5.0
-0.2781441980430835	-0.8747332390760005	5.0
0.9785319521297957	0.9218750242537433	5.0
1.0073187515535562	4.0227329181019806	5.0
0.6726408311771236	2.5625544689971123	5.0
-0.4054253825894568	3.3244804033920108	5.0
0.0084097273502881	4.3118342210519396	5.0
0.6507869091988768	2.3480852755559574	5.0
0.0765330954821758	2.3331252373619318	5.0
0.8199136348724656	3.4038810880523331	5.0
0.2427291754396328	2.1985356539369230	5.0
-0.3273310348461690	3.1487102044097015	5.0
0.3900863939212264	2.2131549966581541	5.0
1.3319060145842272	1.5051892027353866	5.0
0.4172689902825189	3.1525963044292147	5.0
-0.3746899367346052	1.6376357569965097	5.0
0.9380403095441350	3.1778289449975605	5.0
1.7828581904067988	0.0840099777143321	5.0
1.2371770401187956	4.7594896371470945	5.0
-0.3550162234737490	3.9128194605926621	5.0
-1.7364819261312316	1.0472769942332907	5.0
-0.1480475152479655	3.3820616857372090	5.0
-0.0769286577305566	-4.6778829554333008	5.0
1.5656356939321716	3.7611996987030860	5.0
0.1978711435771642	3.1350302542232051	5.0
-0.2637135295877105	3.2328966571158673	5.0
-1.7483434226647872	-4.6542191092403185	5.0
0.8570160466181378	3.6221071310168202	5.0
0.2775010774972234	2.5936176396736474	5.0
0.8430553815675156	-3.4228856148554687	5.0
0.4209161573880455	4.1632704830950384	5.0
-0.3875652233245664	0.7138122050570644	5.0
-0.6721269003218392	1.3316798101889815	6.0
-2.8995964064674071	-0.8843937872575360	6.0
-1.6520201183404735	-0.5206400108588642	6.0
0.2186655493790200	-4.8595975741935780	6.0
-4.5317195162610284	-1.7409580261834745	6.0
0.6975622982782788	-1.3353176685780033	6.0
-2.7964957145259222	-0.3001837863162386	6.0
-1.4664746714083430	-0.5001067765313520	6.0
0.1719295155959295	0.7366841658428609	6.0
-1.8067564749743006	-1.1778082340452765	6.0
-3.0584270666366646	-0.5359450462790445	6.0
-2.1664339537012887	0.3087288803700039	6.0
-2.1704566256994240	-0.4020155097997705	6.0
0.2112435817102846	-1.7246978031177507	6.0
-0.1869761674989003	-1.5891310124633411	6.0
-2.8706170165618543	0.8061787188105165	6.0
-2.1733177503175707	-1.1901530244568110	6.0
-3.3524409385503082	-0.3800204144744677	6.0
-0.6996202614012218	-2.4283962583832008	6.0
-0.6328599464319655	-0.3010620743560567	6.0
-1.0976584224511541	-0.5430041457813707	6.0
-2.9194224184909889	-0.2482236609426355	6.0
-3.1098347460813307	-0.9714669339327420	6.0
-3.5031404605564460	-0.6598614829830975	6.0
-1.0241100380616244	-1.2341360717332341	6.0
-1.2973563535564172	-0.1233139446599106	6.0
-3.1936058412189392	-2.2636042295494145	6.0
-1.8619251422467227	-0.4289231636732819	6.0
-1.1812031809004386	0.0065862932988821	6.0
0.8881112455092802	2.1480310439960864	6.0
-1.3274764460392239	-1.1493860098687354	6.0
-1.7576099598653356	-0.6719833973023778	6.0
-1.8720713694097373	-0.2613570001675446	6.0
-2.0108438499503025	-0.8079644942681241	6.0
-3.8996485847107820	-0.8854571122688909	6.0
-1.2550811583483912	-0.8861993401940815	6.0
-2.7423614901194706	-0.5553064752619428	6.0
-1.7291337867625132	-0.2939397931833853	6.0
-2.8472620146888619	-0.0475484892945675	6.0
-1.8435487011684371	-0.1110258164043980	6.0
-3.7847453385191185	-0.8005104241837108	6.0
-2.4985418261332639	-1.1979848474011889	6.0
-2.9823170262605521	-0.8277599593980864	6.0
-3.7519327496462225	0.3549321980307309	6.0
-3.6881957489723538	-0.3898535118785860	6.0
-2.3684963511730732	-1.2575515396333992	6.0
-2.9596500212588337	-0.1231472948044325	6.0
-2.2094117848909822	0.0070652370253632	6.0
-3.2450115185495778	-0.3780682155260967	6.0
-1.1418333310333342	-0.8116681214026101	6.0
-2.8103349933593624	0.2397941322228532	6.0
-1.6175121815794997	-0.2903529054223413	6.0
0.1948199928646508	-1.2145466927301063	6.0
-3.8811137832729026	-0.8687863584921355	6.0
-4.0232291847068860	-0.5156091361809098	6.0
-2.5812164655944163	0.9930593677197794	6.0
-2.8745356455003863	-2.8054824951237451	6.0
-1.6263146589943740	-0.3729233466423045	6.0
-1.9769520484591350	0.5067902681357902	6.0
-3.7640641898069940	-1.3647078477181824	6.0
-2.5531145879801214	-0.2144501705914702	6.0
-2.8272784818662493	-0.5197897964902154	6.0
-0.8346300273292442	-0.3132896172403792	6.0
-4.0095840800043021	-0.8075540718254791	6.0
-1.1362575046399217	-0.2447807123113908	6.0
-1.5074446750669592	-0.6421448428247435	6.0
-2.0476885396922757	-0.0292513618142467	6.0
-2.5054830788973410	-0.2975453621600073	6.0
-1.2222204630186559	-2.0785732861263471	6.0
3.0871702899008713	-0.1536970433037416	6.0
-1.3374892459142251	-0.6110558723704247	6.0
-2.9264161580443431	-1.1913957244656292	6.0
-1.4791723588271894	-1.0506419435768950	6.0
-3.5623052858364397	0.8301639523909914	6.0
-1.4855442322408894	-0.8664399482295851	6.0
-3.5989663734269461	-0.0217226325712360	6.0
-1.3066223186325965	-1.2217347152523874	6.0
-3.0878586100617365	-0.1224102824872435	6.0
0.8391716147643090	-1.8831660965519612	6.0
-4.4778744726471427	0.1174567080699750	6.0
-2.2220982932390783	-0.1929158017192018	6.0
-1.4888176960557795	-0.5071253423819733	6.0
-2.7353346870301172	0.3418504366240681	6.0
-0.2388643302384987	3.9952129500658411	6.0
-4.0272211079508473	-1.3179989198898345	6.0
-0.3494389315386537	-1.2916904496971744	6.0
-1.8504497165617884	-0.2936798005161607	6.0
-2.4197688443079799	0.3536554890566029	6.0
-3.2344152282517276	-0.7703009983466204	6.0
-3.2062097110206254	-0.1827583320655658	6.0
-2.3767242986681727	-0.2282465083020114	6.0
1.4863329437755195	1.2268146188573881	6.0
-3.0885562883090238	-0.7223558865241375	6.0
-3.5842462749328425	-0.5798252146799382	6.0
0.3793293498679874	0.4532587972427175	6.0
-1.4209905477703211	-0.1709661195351515	6.0
3.0204073185760572	-1.1736275248221850	6.0
3.8798388500894383	-0.7255279873906948	6.0
-1.7136182031652907	-1.2604802820229755	6.0
-4.2776212621945779	0.2647794355800122	6.0
0.9145072326757056	-0.5830431593462744	7.0
-0.0259880708851493	0.0623538843339652	7.0
-0.9324295814772960	0.0214598031288040	7.0
-3.7760860187658358	0.0739906878230310	7.0
4.4721121198167726	-1.4675978166314543	7.0
2.0163955086104703	-3.3253881634795568	7.0
-0.6363685289881751	-0.3661152466212931	7.0
4.4866709833899456	0.0075262350395306	7.0
-0.0942469620548825	0.3117471496234668	7.0
-0.1981883133149864	0.0789214515171173	7.0
-0.0546881867500738	0.5387922560731320	7.0
0.3693226639720536	-0.2545821323330095	7.0
0.9453823667164972	-0.1687062371368613	7.0
0.4886273534759266	-0.6606385238941145	7.0
0.6892387369925732	0.3465101745315636	7.0
0.1297493798364153	-0.4103404113757877	7.0
-0.2501058013464250	0.3274669968692930	7.0
0.1954333534136809	-0.8182087242551499	7.0
1.0454976892810401	0.6388746879465336	7.0
0.3036588408882026	-1.1729562261675817	7.0
0.5235473881575317	-0.5835429387699180	7.0
-1.0477079935223912	-0.5271780764933135	7.0
-0.3515053989025884	4.7783922023625571	7.0
-0.6543847420350281	-0.3069571321390871	7.0
0.7247866877191371	-0.8118883945349888	7.0
-0.2306991535951247	0.0455388519450009	7.0
0.4864297618158319	-0.9376965409457376	7.0
-2.1297815976307275	0.5116117977818773	7.0
0.6278184145819879	-0.6326131055811907	7.0
4.2521231055199546	-1.5363046970921195	7.0
-1.8193737953262357	1.3456096928327261	7.0
0.6169273201101070	-0.4157458450448404	7.0
-0.2877309744086781	-0.1769396443945326	7.0
-0.8665718891427853	0.0117230865710087	7.0
-0.4205941658282295	-0.4777445530879156	7.0
1.1192611056744715	-1.4863791806868119	7.0
-0.6964291294194164	0.0938274095382108	7.0
0.2241394831611783	-0.3837045151343712	7.0
0.0211274576425938	-0.1028708107994791	7.0
0.7598619630274629	-0.0709079163138993	7.0
4.4509700080664079	-0.7097518693539417	7.0
0.3111139254916195	-1.3445524841739753	7.0
-0.7864741438671008	4.7937120373259754	7.0
-0.5975983264961569	-0.1196421368512493	7.0
-1.4442388605057377	0.6861679888369580	7.0
0.6456922482344579	1.6172135392868656	7.0
0.0219904280184248	0.8415956259887435	7.0
0.9513608199567286	0.9996079168369195	7.0
0.8300942151711480	0.3293582618408823	7.0
0.4123275749063439	-0.7767452606319459	7.0
4.3446896311485208	-1.7220897847421808	7.0
4.0457151499209285	0.3777830867213426	7.0
0.6533699571499525	-0.6708976014404514	7.0
3.8821854925286985	2.6016459915615582	7.0
0.0630289104472266	0.0471574174348035	7.0
0.5631499923187789	-0.5463889350878629	7.0
0.6944461258436531	0.0076543682131999	7.0
-0.1465496309753138	-0.3195169738188454	7.0
-0.3679675719924035	1.6687385297061585	7.0
-0.2688285295677380	-0.6108143248764855	7.0
-3.3241029853179134	-1.3010539532434289	7.0
0.3660348141144935	0.3080963880767999	7.0
0.0683343221477868	-0.7720055643816469	7.0
-1.8491661983328702	0.1090425696369511	7.0
4.6242227674004690	0.2575950351801690	7.0
-0.0975182712019499	1.9244756916045960	7.0
0.1092521633887169	1.0838985424749183	7.0
-0.2495449072481682	0.0816160943018903	7.0
0.8170017413887197	0.1378912575943687	7.0
-0.7985078391826230	-0.3504413292908053	7.0
-0.5698574021194687	-1.2050779660099311	7.0
0.7915800702977126	-0.1911516862562304	7.0
0.4000986985618493	4.6610269308753987	7.0
0.4673522658972121	-0.1474610255248122	7.0
-1.3863416525165897	0.0424877999593112	7.0
0.5933695719545621	-0.1329998610148381	7.0
0.3782398141907708	1.2536816925276340	7.0
-0.2993111869011122	-0.2169446263714459	7.0
0.8630597171188336	-0.6504156356863557	7.0
0.5024229456672018	-0.0941731891292208	7.0
0.5150075916555668	0.3838752145659015	7.0
0.8102162095068278	-1.6464733941905341	7.0
-4.6989084470007807	1.0293177019396922	7.0
0.9579454338431941	-1.2462289987330555	7.0
-0.1065898399614292	-0.0671459066295346	7.0
0.6148955148192499	-0.2410294843819671	7.0
0.8968106759590205	1.0378710959595709	7.0
-4.2159400089695449	-1.9420776066864787	7.0
-0.5534637212014816	-0.2377144292497383	7.0
-0.1658236557787835	-0.7046909218421601	7.0
0.9691231399429705	0.1555381461382952	7.0
-0.1004895276424823	0.6993925992319030	7.0
-2.2625662560729576	2.7041188511950702	7.0
0.5829233495034314	-0.7576148900251926	7.0
-0.4314150070426738	-0.7170609338998445	7.0
-0.9772360813453820	0.0238529203426035	7.0
-3.3268054806466898	1.8760514112723690	7.0
-4.1623960994460294	1.1288765211821139	7.0
-2.8085338267515758	3.5741248548593267	7.0
-3.3706386556559305	0.6472242400328668	7.0
-0.1169876849020266	-1.8676789455273934	8.0
0.3187051875513456	-2.8234488073988495	8.0
-0.2811390605883873	-2.5108158003478649	8.0
-0.5202613869846624	-2.4120063136786216	8.0
0.5682716506785275	-3.7957252433157271	8.0
1.3224404068164495	3.4100063921361339	8.0
0.2902943477464642	-2.7932925228687226	8.0
-0.3292877089279176	-1.7857049287114450	8.0
-0.5851559927395930	-2.6123552874564333	8.0
-0.6549852315339050	-1.6657576449227294	8.0
0.7863369723809535	0.7287323325151533	8.0
0.5754645552009416	-2.4326775779137555	8.0
-1.3845691685416368	-4.2427104106750315	8.0
0.4146884495773259	-2.0124124265257790	8.0
0.0837286297847929	-3.6743174113931598	8.0
-0.6780446863988993	-3.4307197339175692	8.0
-1.0482252097226568	-2.8814983847270832	8.0
-1.0564998820640872	1.9136384267301394	8.0
0.5782591276455067	-2.7555310384424092	8.0
0.4444245381266582	-2.8831863462695031	8.0
0.1282595064849696	-2.7676548194181554	8.0
0.2143821365327758	-3.1375256266117950	8.0
0.7178529159984928	-2.1330382013681439	8.0
-0.3800708576798001	-3.2861007661000161	8.0
3.2551560811067222	2.8499687292792353	8.0
0.6770489724679809	-1.9317469876118787	8.0
0.9515610328125254	-3.6763979576131272	8.0
-0.0442619326788249	-3.7143712800537347	8.0
0.2290201868069141	-2.4293192119434606	8.0
-0.1384320368183382	-2.5397246677838980	8.0
-0.6021572220493526	-2.8422533434244004	8.0
-0.6523630803055450	-2.1548455995351761	8.0
-0.2273254857246857	-3.0998639664133392	8.0
0.3292301029875069	-2.3093141949470759	8.0
-0.4133025149847896	-3.6925378647290428	8.0
0.2591237526184165	-2.9497481384782902	8.0
0.7559337644945410	-3.6053374781887366	8.0
-0.6846901073911009	-1.3882731895868388	8.0
0.4526307550229792	-3.7843812488261266	8.0
-1.1204652370873016	-3.3972758307867648	8.0
0.9835077369651772	-2.6414635575707655	8.0
0.3223865178100973	-1.5058165948569890	8.0
0.1239270604969214	-2.7142874395369510	8.0
0.8704220740584334	4.2333627820247832	8.0
1.2175568794189646	-4.5681536291051472	8.0
-0.0607046322507504	-2.1239616321404990	8.0
0.1511946287778450	-3.1614960275023591	8.0
-0.4696058578644454	-3.3261719372761580	8.0
-0.6652190706243333	-3.3450822594558969	8.0
-0.2172495072755206	-3.2341752176980116	8.0
-0.4832570091467977	-1.8352155449646486	8.0
-0.4944384475050131	-4.5558757969745978	8.0
0.7260316007761565	-4.0461988358941037	8.0
1.5352809776003613	-4.2297154274136428	8.0
0.3365963455243272	-3.9731630005027561	8.0
-0.0657863972565988	-2.2798514471693534	8.0
-0.1646999338074631	-3.3544886648533430	8.0
4.8332305604963670	-0.2411285452584953	8.0
0.1796688834751380	-3.3452094253388704	8.0
-0.4645340915717324	-2.1693508057682451	8.0
4.0177753262481177	0.7001925572485713	8.0
0.1631522956857530	-1.9522185481022458	8.0
0.1026349350712511	-3.3720996505970806	8.0
-0.1576250540978488	-2.7161291189849206	8.0
2.2971065974960712	1.8887393573927240	8.0
-2.0078414160110838	3.6145047543553610	8.0
-0.7093756058733105	-2.2469563192440929	8.0
0.3475342436199639	-3.1304595691444552	8.0
0.4861934733940091	-2.6430154239484747	8.0
-0.3720911599644000	-3.3252996591776798	8.0
1.2591078403778566	-0.5447836796134696	8.0
-1.0197250417233519	-4.1138458526677466	8.0
0.3117984999659802	-3.5663890340011832	8.0
4.1322531842183983	-1.9710137486547119	8.0
-0.9953724989438217	-0.0439064223896106	8.0
-1.1573172761794028	-1.3686578644211846	8.0
0.1619481949818898	-2.3063500745996763	8.0
-0.6410519940948709	-3.0026235619651760	8.0
-0.3020020437177162	-3.2485422627426828	8.0
0.0525603260761576	-3.8264388825916775	8.0
0.4474427926446211	-3.1611633151730851	8.0
0.2165222061918082	-3.3230947416960590	8.0
-0.0468409717579919	-1.4799398168322477	8.0
0.5537395659695460	-0.6079797812921903	8.0
0.2521472172852193	-3.1002864081200920	8.0
0.7191062694268142	0.5096232564566887	8.0
0.7996303879991814	-3.7268114824514593	8.0
-0.3450257855077648	-2.8628383169567679	8.0
0.1989730366662607	-2.8809667655767703	8.0
0.3299867908955786	-3.2980715584725151	8.0
-0.0633368553389356	-2.2026623852629954	8.0
0.4430699482108926	-2.0732743890372443	8.0
-1.8293807909859117	-1.3010978174527312	8.0
-0.2304866484779478	-2.1801668580289522	8.0
0.2790081839624026	-3.0209140319712007	8.0
-1.8928998064509459	0.5076704710424724	8.0
0.4759478331685735	2.9847572884684190	8.0
1.5022568271006680	-0.5607311950871280	8.0
-0.7216418711984827	-2.1485483292658469	8.0
-3.6365532739916979	-2.0988658134647147	8.0
-1.0791588876143301	-0.6720451492267916	9.0
0.7991500664970911	0.4761279425510577	9.0
3.2272151480442899	2.1515774843804647	9.0
1.4651131135366819	0.3864099961247116	9.0
0.4699808437787713	-0.0752945728771870	9.0
4.0236406674821437	-1.4112028117477597	9.0
3.4563497403921040	2.9060676016490601	9.0
1.0941609436623525	-1.1931042846456501	9.0
2.6212803057747673	1.7819967893467463	9.0
1.6528806616324743	1.0798028584293184	9.0
2.3712099455711906	2.0065848501406336	9.0
2.2750592936966720	2.0162233072074267	9.0
2.1502228862669268	2.7594941754614668	9.0
1.9466917709069687	-1.3850385236730958	9.0
0.8335035745361208	0.3068579803138359	9.0
2.0638386905268598	1.2434082387115371	9.0
2.8469783391134222	2.5833890715930141	9.0
-1.3550674958086297	-4.6959901999188958	9.0
-0.7336632368915841	1.4993964992693853	9.0
3.0046596169752706	2.6642642334291153	9.0
2.6028219767454530	1.4576151357018869	9.0
3.6783113084358159	1.8540670150706313	9.0
3.2321650733455547	2.5117658072005691	9.0
3.0871505833392621	3.3087627490575322	9.0
3.6476170857565786	1.6273540562939346	9.0
2.4864638659584761	1.0815722739106401	9.0
1.6792589457127072	2.8969926574464409	9.0
2.7537069431223133	2.7694891332760401	9.0
0.8674766182962386	1.3698960643980551	9.0
3.2553252321334964	1.8365073855998453	9.0
2.0525970228552066	2.0816082449951274	9.0
2.1220837644795285	2.5684214090208735	9.0
3.1975026844812797	1.7127608392520628	9.0
1.5322082890422444	0.9758529019009637	9.0
1.9566567378043749	1.2954503537337170	9.0
-0.1066770914534588	-1.8371562446535898	9.0
1.3405567542814572	1.8609611696352939	9.0
-0.8994898479618736	-4.3294171044601173	9.0
2.6048281539930840	2.6756140798011514	9.0
1.6339181707827346	1.7865412810629471	9.0
0.4290851159151980	-1.2268697516208451	9.0
2.4323003129757819	2.6228329713014364	9.0
1.8574729266231806	2.4715049305091608	9.0
1.9661893832513249	3.7196338700623865	9.0
3.8324974455743663	1.8049626262792664	9.0
2.7393576878111556	3.0523096700218324	9.0
1.7884204116261124	2.1622583096058721	9.0
3.4101043509503977	1.3571247463290179	9.0
1.4006601998591430	2.2390143554928317	9.0
1.7235408500954656	2.2715440816702670	9.0
0.8263485095633925	-0.6715873733790232	9.0
3.9714319367632900	-0.4511970892535843	9.0
4.1184398664608439	1.2910967010999066	9.0
3.4947376126165000	1.8053638792116349	9.0
2.2606236119513272	1.4385789268760405	9.0
-4.6583179739554312	-0.8671205523785586	9.0
2.6661717564038012	1.6020221686303886	9.0
1.0762853376273693	0.6808217155847440	9.0
0.9375889717738455	-0.5487273884934482	9.0
-0.5081334615626451	-0.3629209216795251	9.0
1.7370988309606121	-0.3023538857802259	9.0
2.2681352206416219	1.1380236730358226	9.0
2.7523922958116906	1.7776738707355506	9.0
3.2247654667292376	0.9890719777760454	9.0
1.9366523008167709	2.6761475248609488	9.0
0.3422679257439376	-1.3871909872506349	9.0
0.2463023280152875	1.5011112938876621	9.0
0.6495725419013241	-1.2697472547436064	9.0
1.6459463782321411	1.5224816997987156	9.0
2.7735535753357938	1.5848733198473703	9.0
3.4686323796227785	2.5692475592449848	9.0
1.5654611403493395	0.6063659827326893	9.0
3.8332410417791127	1.6433031801922990	9.0
-0.5048773223970402	3.6627231573066519	9.0
1.0511948041417618	1.5108683471959667	9.0
1.6493953261686709	1.6949571248014557	9.0
2.0178071294042144	0.7021813251869535	9.0
3.0031763155125097	1.4499170633863139	9.0
3.0556691630747488	1.3034388312040726	9.0
3.4748294650987028	1.2408370251346743	9.0
2.4519135931489209	3.2452963562217465	9.0
2.8355027216158168	1.7565159822828793	9.0
2.5444290003317036	2.4803426001116979	9.0
0.5446793357129384	-4.1831283182921668	9.0
2.7184914378030403	1.9400045824703085	9.0
2.4870896425316475	2.2687692374363317	9.0
-0.5246335755893577	1.7453132386608869	9.0
3.8763425243119358	0.6660837474282474	9.0
2.6722810963921479	1.9534387866404543	9.0
1.1449056997533253	0.4562116124600157	9.0
1.4739366015895414	-1.2954749079631374	9.0
4.5725808382758730	1.7703974965093703	9.0
1.8139644584815120	2.1210233211197069	9.0
1.2855366723392621	2.0673314220880035	9.0
2.8980833826031498	3.7871425487229460	9.0
2.7204903564334271	1.6314725619099570	9.0
2.5664269621798712	1.7467417084921639	9.0
2.7946493145750231	2.5222472317763334	9.0
2.0537861274724065	1.3033673496860829	9.0
0.2688366575291662	0.2563441415896391	9.0
