-6.6556658085463614	-9.8206949493180407	0.0
-4.2732725337156108	-9.1226543526707715	0.0
-5.4092233430788470	-9.6726643914644441	0.0
-5.9122925401689050	-8.4063579422317485	0.0
-4.2342787337635626	-10.4762654075907857	0.0
-3.3866724662384051	-11.4649999598602346	0.0
-2.8894794540283102	-9.1050858708118163	0.0
-5.1035672995511110	-10.5895389232631114	0.0
-5.9578305713304065	-7.2847892270666321	0.0
-7.2736340237611223	-7.8328353253836731	0.0
-5.6099006958488555	-7.1490698308518343	0.0
-4.7711612964811572	-7.4527456830087404	0.0
-3.5799614676367360	-7.4479624774001243	0.0
-3.7290822179861243	-9.1583165563631059	0.0
-7.3266783918558502	-9.5443690174017490	0.0
-3.4556974814584143	-10.3735051160975527	0.0
-0.6079502470403630	-9.0859650165016959	0.0
-5.8229308877282095	-9.9878162907500236	0.0
-3.3774440961269714	-7.6204720171533236	0.0
-4.3052664731588717	-5.1348959013399815	0.0
-3.5995835684011630	-13.3460897392829825	0.0
-5.4000207279661234	-10.3025201068769476	0.0
-4.2122414660366019	-8.4880592446133676	0.0
-6.3119126020889009	-6.6329406847687808	0.0
-4.5127040107409018	-11.6782592937182734	0.0
-6.1707083158326732	-6.6556382253059372	0.0
-8.6034272513219161	-8.5416758715656247	0.0
-4.1881731359295822	-11.1595849295013991	0.0
-3.5607727365001494	-7.0358033191262859	0.0
-2.6230949735394762	-8.7924435655347182	0.0
-3.8023885677839755	-10.1813848799672222	0.0
-2.9922813254090825	-7.2155997847977096	0.0
-7.2671700245238711	-10.1833504434819115	0.0
-4.5883227987164945	-7.7432985034863240	0.0
-4.6904151359575259	-8.3962975033727485	0.0
1.9818881852109800	1.2519306659946350	0.0
-4.1304724388359020	-9.3243996788549044	0.0
-1.1341287281692816	-7.5180646544179677	0.0
-2.8824869253936334	-5.8752701325281578	0.0
-2.1252321171217030	-7.2110453942057005	0.0
-5.8270541941656884	-9.1007659190113426	0.0
-3.9405159218874442	-6.0622645720745068	0.0
-4.6307347591495862	-8.3833335769746959	0.0
-2.0371761041388412	-9.4907992960482037	0.0
-3.8073940642072106	-10.6159847403449277	0.0
-5.8841197516610002	-9.4338412161433425	0.0
-2.6938572878989882	-7.9957787002955367	0.0
-4.9419835135709720	-9.3664801698176774	0.0
-5.0814627838586635	-11.8739182240777694	0.0
-1.8757946044221474	-12.2310252622926825	0.0
-3.5621602175680467	-9.3502813955046769	0.0
-6.3688171265723446	-5.7019693870560157	0.0
-4.3123677087183054	-5.2457996993943929	0.0
-1.6309782024489514	-8.2271032188959108	0.0
-2.7691567210884873	-9.5452429555863745	0.0
-8.5867848174963655	-8.5885367701922526	0.0
-4.5608520945267221	-8.5137416011497766	0.0
-2.9218972304719495	-8.5131404100734720	0.0
-1.9631824887025442	-8.5213884909108106	0.0
-3.2475931609546165	-5.5062415350764757	0.0
-2.6246066518821514	-6.0304300983193517	0.0
-5.4401508487390684	-10.3007855733902876	0.0
-4.9806453767285666	-5.5831949601897630	0.0
-2.6559953658542366	-7.2105333576179111	0.0
-2.9685899379688481	-5.8754769192092056	0.0
-1.0225316509997058	-7.5384350107087954	0.0
-5.1062421830849258	-8.1225117083325760	0.0
-2.8543143409523020	-11.1847044356653136	0.0
-2.9617975482756087	-8.2260432189038379	0.0
-4.1339953623167913	-7.2672408660271799	0.0
-5.2555500080968951	-10.7073833235688181	0.0
-4.8197877569372380	-11.3706715880695644	0.0
-7.0666400229057311	-7.5261275080383188	0.0
-5.6227406792058616	-12.1988100243591919	0.0
-4.0982643892577730	-7.1660225559283468	0.0
-4.3291186415586065	-9.4426969936188581	0.0
-5.6617415905399291	-8.1465407107225047	0.0
-3.3363324507326242	-7.3674435579864239	0.0
-5.6298787441724301	-11.2085291201356938	0.0
-2.6542340768981414	-10.3920562277239004	0.0
-5.0201896233265186	-6.2148437636775942	0.0
-7.1229874357124423	-8.1166956451917489	0.0
-3.6563653076851130	-9.6591187277014932	0.0
-3.8157306265295232	-8.3381570717042575	0.0
-1.8451151309699658	-6.5814893741000295	0.0
-4.9982614077881706	-10.2728465126081190	0.0
-4.6658582832146296	-6.3510355930420346	0.0
-3.3202723629054027	-11.5553475475656100	0.0
-1.8387004069801609	-10.4352668078147541	0.0
-7.2866839870576552	-10.1993570062324981	0.0
-5.8110222761125376	-11.0087259295612157	0.0
-5.3839276252802675	-7.0903004136200662	0.0
-6.4636810613087672	-10.8674106756162629	0.0
-3.7236206652011199	-9.0252701103045645	0.0
-3.5703888989387047	-8.3000236005521870	0.0
-4.5204367585896348	-9.6718783406959492	0.0
-4.8047567728524596	-8.5560945731303768	0.0
-8.4680407052606697	-8.9877964231607788	0.0
-1.9913218951075686	-9.5652578404720590	0.0
-4.5528732812939934	-7.4990940108127138	0.0
9.0375071842902663	-3.0457422458329111	1.0
11.7561227217998443	-3.7868458311571751	1.0
6.5776604120999300	-7.0420437936499720	1.0
8.5178442818623470	-4.2064477746135864	1.0
9.5988069490357670	-4.1879001347393068	1.0
9.2158124966204884	-4.2315613249184940	1.0
9.0642784788272355	-3.2250712654980611	1.0
10.0536895607384391	-2.0053700577733236	1.0
9.9900709503598737	-4.9719401674762382	1.0
9.9982215693902265	-4.0407998568845658	1.0
8.1533233322437084	-6.2812279598353928	1.0
7.9896038622948984	-2.6530152815916974	1.0
11.8805147389179417	-5.9296461884745657	1.0
7.8001656981946743	-6.3383374842101814	1.0
7.7927280953975702	-3.3828973027971241	1.0
4.8176470405796818	-4.9122641142113679	1.0
9.9663164542543328	-6.6245720753962356	1.0
10.4920205922650567	-7.0681567008682400	1.0
9.1903633841064423	-4.6819328160969889	1.0
7.9501329022279021	-8.0696087054671537	1.0
6.6258862729550909	-4.5691742773488198	1.0
9.9786838125053219	-7.7619876802923118	1.0
1.0259548008301915	-7.1987031465472624	1.0
9.3111389380195373	-5.4496232014812893	1.0
7.1940397732673391	-4.0564644535681786	1.0
10.7149946441987147	-3.5889285970595921	1.0
11.4349070861296003	-6.0452910259898616	1.0
-8.3493057527928336	10.8328367278615438	1.0
6.5294396186104322	-3.3963584275086012	1.0
9.7379307150602656	-5.8067938489196296	1.0
7.8951481775189336	-3.2598828958718511	1.0
7.6302070415952583	-7.0781515118150109	1.0
11.6596743790085249	-5.9447600384844153	1.0
10.1947304996556714	-3.1090398973434916	1.0
8.3644724193101201	-6.2898211524022773	1.0
8.7648632049616175	-5.6951823063346945	1.0
8.5609700250765535	-5.1500394372525715	1.0
9.9393816582977763	-4.5378679515183764	1.0
8.8770806911594686	-5.5923097375102397	1.0
9.3087793896986977	-3.5832620477428581	1.0
10.7615359101927268	-3.5828447705852242	1.0
7.8355097335231392	-5.7933214697355897	1.0
10.6835028353349593	-5.8220039541656057	1.0
9.5756545590977105	-4.3633147865873934	1.0
5.6842198224215421	-3.9047836874640169	1.0
8.0288943613860937	-6.1472544378007488	1.0
12.0588530185881559	-2.6653749554957358	1.0
8.6090359680653776	-4.6417694681510451	1.0
12.4446186776494976	-4.4705818219313018	1.0
11.3735157122122228	-4.6730837661822484	1.0
9.1934815707262896	-6.8621190828729803	1.0
10.1580882567343416	-8.2829277757484547	1.0
6.2477757786344954	-4.9216195696094802	1.0
8.6937018338585474	-7.1301474590265794	1.0
4.4191132568300704	-6.5010628761092795	1.0
8.5705308207034214	-6.6765387245784238	1.0
9.0852712634817330	-8.0263719448565940	1.0
8.0109187079629134	-6.2860211184350447	1.0
12.7660601536215026	-5.7313585869412833	1.0
8.6956554204115832	-5.3143361306149561	1.0
7.5071697527103689	-5.5899411494767577	1.0
7.8594600876370482	-4.6409491917882182	1.0
8.2107771511612864	-4.3488126359489438	1.0
7.6835870938057873	-3.3771013284604079	1.0
8.9962370779832188	-4.5281467257365433	1.0
8.8498242106819820	-6.1722102646958579	1.0
10.4247286596426534	-2.5839859895914552	1.0
11.7400859847938293	-7.6086700070129725	1.0
-15.0460426058465906	2.0760206757045094	1.0
6.2120282300265863	-2.9924054605623360	1.0
8.7281047077011760	-7.3581618678057472	1.0
10.5966450065770275	-6.0132687592650260	1.0
7.9146786892442940	-4.5281163260441630	1.0
7.9403063413706398	-7.4462086451429794	1.0
6.5114201755425709	-5.3740864359984259	1.0
11.3100700332499198	-4.8037138649948359	1.0
9.7915545550714391	-4.5506598496870065	1.0
10.6650560361246640	-7.0473818375661477	1.0
9.7630185460152230	-6.2676427542227557	1.0
4.3743452661584916	-5.8504060067375647	1.0
10.7952261875478595	-7.3670503187150302	1.0
10.6024850315190893	-5.8458601457010095	1.0
11.5554915045603472	-5.0088195605811698	1.0
10.1430014279617424	-5.6075390745964491	1.0
9.1604599135178741	-8.0627718313369261	1.0
11.1027028641707908	-3.6636874627775247	1.0
10.1392982413175332	-2.9326854578936654	1.0
9.2867605777184199	-6.8236430462568372	1.0
7.8640780183196926	-5.8108954751367969	1.0
7.8764775418860955	-5.0289815758889160	1.0
9.0414825429110657	-3.4857692892926186	1.0
7.7526845834927407	-7.0692787366198928	1.0
10.8714650990949853	-4.6019142585230846	1.0
8.0682186384142902	-8.4687004090064946	1.0
6.2461027613919580	-3.4318868416659085	1.0
6.2897632819539249	-5.0829164472798913	1.0
6.7792177131587312	-6.6119831885107549	1.0
6.7324745191509781	-3.6329871348115166	1.0
7.1626033923646286	-6.1568068644682938	1.0
6.3038228506237610	-5.9596647006331160	1.0
4.2471273894842021	-3.8902425864103325	2.0
2.5553865490056311	-3.6014293657031460	2.0
3.4801167651511231	-3.8712203197644359	2.0
3.5168872758839691	0.0271521901265387	2.0
3.7097216237534072	-1.7467737900723213	2.0
3.4427451574507253	-2.2100506528774604	2.0
-0.6158454380441223	-2.2725652165151291	2.0
1.7826048678445983	-4.0116939626348449	2.0
1.5528706504611685	-3.6019413333631389	2.0
-1.3457463547168595	-2.5706745050994022	2.0
4.4058009172984880	-0.7022984652339560	2.0
1.8808232415533235	-0.9759926645176856	2.0
-0.2042196169622666	-4.0128408929007398	2.0
-1.9892674224469187	-2.3671195600675956	2.0
-0.5117592976805980	-3.1431892070056393	2.0
-1.1173266144645457	-1.7287561831573937	2.0
-0.5782163904989965	-2.1576305297706497	2.0
0.9133684752965002	-5.3249628110774498	2.0
1.3750631863886589	-3.0128002744864890	2.0
0.5440794292550201	-0.9904586603680399	2.0
2.6189291002687471	-0.8472902241635677	2.0
1.1955215674978175	-3.6804461144176521	2.0
2.8074941328626655	-3.8371440611059180	2.0
-5.1673100899656346	1.9264519593194438	2.0
2.7885380668481856	0.5472403808432239	2.0
1.4653536438157995	-4.2855806596673043	2.0
4.4338150585751821	-2.8764026315675610	2.0
-0.2315825108004025	-6.0207678644600913	2.0
-1.8775153067099548	-4.7125083064570328	2.0
1.0400292017444912	-2.0968147351262076	2.0
2.1207887521599411	-5.6311244382808532	2.0
2.0424250713716980	-2.8306197161799727	2.0
1.1297626389820061	-2.2351314079079088	2.0
0.0470402583387661	-4.7995952871540295	2.0
0.7118599594016534	-4.5147111866170482	2.0
-1.6791074165418352	-3.0100818444029498	2.0
1.5503939374541142	-1.9091707048634567	2.0
3.6409348958734715	-2.2366618416741817	2.0
3.6077773073599184	-3.8152694403292600	2.0
0.2224954676640782	-4.5381028134193402	2.0
0.3146876751349797	-2.6973214240433330	2.0
2.3185488362774254	-3.6281996493479136	2.0
-0.8038814497819919	-2.9278789040676370	2.0
2.0870543943564588	-2.6506996567426868	2.0
1.3282169088197124	-0.6959167806678064	2.0
0.4092060342719453	-2.1154408776245415	2.0
5.3779717021332170	-2.7347769990003510	2.0
-0.7124177136427985	-4.6027199924653930	2.0
2.5883697396052083	-1.8545282532155585	2.0
2.1389073590395742	-2.5976792914298330	2.0
3.1419753119174461	-4.9523986423587489	2.0
1.0276989563479548	-1.3192125387135578	2.0
5.2776335637179468	-3.7696237941643429	2.0
3.6478973719015020	-5.3444984152043542	2.0
0.4607810142768447	-3.6050870991771129	2.0
3.4155285566239897	-2.4458688956329646	2.0
2.5061844744128110	-2.4376683188311343	2.0
-2.7543578397436579	-1.7451401052644693	2.0
2.5839623286072491	-0.0030336580499470	2.0
-0.3773865869845943	-1.7037650975568326	2.0
-1.7706565988086331	-1.6192152224625134	2.0
0.2375342188526796	-3.7878223067706882	2.0
2.6760141930034633	-3.3673304401707522	2.0
1.5133674403368911	-4.2293453760260418	2.0
0.3644894630037666	-3.6440146175138421	2.0
0.7547987451236968	-0.1470958617730319	2.0
2.4200776252114724	-3.3472951671787996	2.0
-0.2257551782655415	-1.0954248848852552	2.0
-2.8622128527545194	-3.9634801755828679	2.0
1.3928730854089915	-4.6074336664129580	2.0
0.2266579191265948	-2.3553079020831031	2.0
-0.8809650003571154	-4.1768357147650637	2.0
-2.6297784052950450	-1.7730911297398333	2.0
-0.1675599934010145	-1.4019539185167553	2.0
2.0121293688287540	-1.7456075574173286	2.0
1.2757906733422262	-3.2521709107381782	2.0
2.4056513084872080	-1.0905236646194434	2.0
-0.1028602939929155	-3.0681475473176123	2.0
1.2822806996212901	-3.3050296687441714	2.0
0.3319659466869567	-1.5500975265522652	2.0
3.3430105286826586	1.8711183224487360	2.0
2.9968035255690926	-4.8537469932495432	2.0
0.7889508970915200	-5.7760569889325701	2.0
3.6417124659861644	-2.0745861437450213	2.0
-0.5128884270476176	-2.5911322124174534	2.0
1.3076256370863022	-1.6367366786388475	2.0
1.0839359278763829	-2.1890638112073697	2.0
-1.2068317151489960	-3.4489760273684675	2.0
1.3889186749163234	-1.7489437956000125	2.0
0.1226938563320417	-4.4033047899385798	2.0
3.9741444516718332	-2.9963894422251482	2.0
2.0843697908761882	-4.6961647162857032	2.0
1.5274358168408735	-2.2893739810866029	2.0
0.5054991038874378	-3.5183049213940092	2.0
0.5382211103353624	-1.7827346424180606	2.0
1.1634066318775429	-3.2964441072880426	2.0
1.3473586831216131	-2.8134171430163661	2.0
2.6050255203566244	-5.8299303987380968	2.0
0.3466346341380603	-2.9698077529287659	2.0
2.3845549772335199	-5.5074211659735299	2.0
3.0333372639992202	-10.4994310949666936	3.0
4.2264464736452245	-10.1822701416522801	3.0
4.2180508215708796	-11.6292168252581565	3.0
3.9496118689451163	-9.3285145058254049	3.0
4.3354636391691042	-10.0784556828150453	3.0
1.8936744714494707	-13.9948289079862178	3.0
3.0929429122778354	-12.5609177304090434	3.0
-0.3552793282358089	-11.8308994797560416	3.0
1.4590864492211937	-9.0124845883631117	3.0
2.2391519471626311	-10.2503317974361519	3.0
2.9202708488236886	-11.0162761631047683	3.0
1.9097967304681860	-12.1579436376324264	3.0
1.2437748208869344	-10.3158367092071561	3.0
-0.2460101959126135	-9.3180542630312218	3.0
3.7225178256362148	-11.0364394505488068	3.0
3.1570144442021584	-10.7450249787954757	3.0
3.1750504569856992	-13.9738056512611983	3.0
5.0514968592934784	-9.1421154123643760	3.0
1.8028726707262570	-11.9348136521232231	3.0
4.7772816300487202	-10.8572013376052503	3.0
3.1025012038507565	-10.2470177877544675	3.0
2.6767336578807401	-8.2244196544591901	3.0
5.5000776316056923	-12.3861680104809633	3.0
3.8258079265885447	-8.7774489808254597	3.0
10.9050219513619950	8.4558982449656011	3.0
3.6537766087763268	-9.0770047644843519	3.0
3.3430436607308605	-13.1004747435040887	3.0
4.3975324931075503	-7.8951953970893616	3.0
4.4345750652418516	-11.4367677435937374	3.0
4.4005227091465260	-10.6983884632030612	3.0
2.7445639613372714	-13.0000616382920740	3.0
5.3397691522478343	-5.8489756965148567	3.0
2.1001151604983375	-13.1820411074962109	3.0
1.2456648471031295	-11.1140237070426338	3.0
2.9430629802300619	-11.8248887786768897	3.0
4.1254346653428211	-13.3941176535529909	3.0
4.2632770860053446	-14.4346665301510608	3.0
2.1256078455914240	-12.0936254996069170	3.0
4.4060419637215951	-12.3131279614915190	3.0
3.2480096051809482	-13.9409238518219531	3.0
5.7710404883074995	-11.4256731319669900	3.0
1.9172012145888309	-12.8639107126314087	3.0
2.3134355585794428	-9.0097881108900566	3.0
2.7385114932989181	-7.0393274279657359	3.0
5.4338997875172943	-12.3517771265387015	3.0
6.2860412938451606	-12.4365269231820825	3.0
2.8868686413061058	-13.3353035517750591	3.0
5.7345155450961283	-10.4112445598028796	3.0
5.3366510369692053	-8.3717678290034527	3.0
5.7229301009742395	-11.1816103481522333	3.0
5.3595185224663942	-11.1290723748725373	3.0
0.8447236687617999	-12.7784251187161502	3.0
0.4631290736789460	-10.5885879332379922	3.0
6.1572665007262311	-9.4219986547857442	3.0
3.6051525246075045	-12.5013252361175695	3.0
2.9047249320819866	-11.8495044092832327	3.0
1.2750037475033418	-13.7257179029639360	3.0
2.2006912737567146	-10.2438741728197726	3.0
1.5313754930998809	-9.4054480879762128	3.0
0.9286777051626220	-12.1513445931327961	3.0
1.8622307565909879	-11.5809165573157546	3.0
2.5518045440123736	-9.4467399757528145	3.0
4.3981436949236734	-13.6316653682272726	3.0
5.1241994025147957	-9.7363052067938209	3.0
3.4343363592336957	-13.7990401612021110	3.0
3.8586523716182426	-11.4591415851332616	3.0
3.5870628235226647	-10.6104466748910813	3.0
1.4783045376745108	-8.8167155959419752	3.0
1.9372872480438466	-10.1645024423753814	3.0
3.5016788312154858	-7.2934247337532119	3.0
4.8472637710246707	-13.3322486612969691	3.0
3.2530543617745256	-9.1268551372852134	3.0
3.3106331627700651	-8.5733880055229221	3.0
2.7374218616864865	-10.0299810738514079	3.0
3.3314133354823428	-9.2046221814466023	3.0
-3.1716139166962001	-3.4063779914082004	3.0
2.6295920510210684	-15.1057843914440859	3.0
1.3318297883402683	-12.3992222603635938	3.0
1.5108996374472876	-11.8255388961828984	3.0
3.8524658668900997	-13.0240846873019418	3.0
4.6002924027862404	-12.4423955442256684	3.0
6.6213547925326512	-11.0726866251815590	3.0
2.4991271579327781	-11.9720167978112695	3.0
3.3919009666657010	-11.6764720333885332	3.0
2.8001317727817887	-12.3365463038066441	3.0
5.6757481620255819	-12.7308972419604434	3.0
2.2635006671935862	-13.4101387997078021	3.0
4.6318088735057179	-10.4237019155780235	3.0
3.4426995067947135	-11.7612886316120839	3.0
2.0816755277886649	-9.3043698266251571	3.0
4.3014313164190172	-12.3220207789898577	3.0
5.9223139878798401	5.6372382046784368	3.0
5.0947388294455056	-14.2214137844549455	3.0
3.1044864800258667	-10.9643598228949326	3.0
5.1924570214892585	-9.3436863282366200	3.0
1.8970583250740707	-10.2100047194894454	3.0
2.0798380624847344	-10.7757958366297970	3.0
2.0988334975912442	-11.0889852218472065	3.0
1.4212310229105898	-11.2025414825115917	3.0
3.6776918242794356	-11.8990587515561241	3.0
-8.6704754582810839	6.1259870063987121	4.0
-9.7764882342331045	3.8820765757145574	4.0
-10.7076320352212857	4.7722920816954408	4.0
-8.6649146946524578	2.1576922003344192	4.0
-9.6509510391201268	6.8250629737642425	4.0
-10.4857026091531811	5.9191573376011180	4.0
-6.8495996712023119	2.6378103628241649	4.0
-4.3178274508169538	4.5926909082797653	4.0
-9.2674671119538239	5.4425383024285949	4.0
-6.7258627110033009	4.6154958570711173	4.0
-5.2857057808661692	4.0302906728069043	4.0
-12.0449551992081965	4.0595430634627627	4.0
-8.1145193601846923	5.8974416534368190	4.0
-6.4174389633124580	3.7558312974638959	4.0
-10.0356451787057477	4.7586578631912149	4.0
-7.1430194828129396	1.8155529589594561	4.0
-8.6408037541904932	1.9756131631226166	4.0
-8.0209534781392282	5.7858392945677508	4.0
-10.9063550768003026	6.5921422274790196	4.0
-7.0529429055024249	7.4832765523224829	4.0
-7.4870019993469903	5.4403066798370219	4.0
-9.1553499235601929	3.9258936824798401	4.0
-6.0240026101600082	4.3684367631167147	4.0
-10.1187095974637629	3.4222664238637805	4.0
-6.2720080312246562	5.8880794334343127	4.0
-7.5527542327763388	4.3253930215553877	4.0
-7.8131035194679708	4.3700266180910283	4.0
-10.4756997130663301	6.1944235006106974	4.0
-9.9799493972681113	5.7825837269802340	4.0
-9.8315768605797906	7.3563477497633043	4.0
-5.4032161376794514	1.8567177804579873	4.0
-8.3791138387449386	4.7815863962685654	4.0
-7.2791468788527895	6.4066081669793205	4.0
-8.0882528424737927	3.9469314820152528	4.0
-7.4135630417503355	4.1723107131122905	4.0
-9.0317004417871818	6.4741836489598166	4.0
-9.6721960862066840	1.1533887764585959	4.0
-8.4766805786922195	2.9547996609771450	4.0
-8.2264642226657152	4.4953206697862882	4.0
-7.9797981489540266	7.2462218115775414	4.0
-7.8840524256195925	2.8563883644015213	4.0
-9.2751523317678224	2.8640168337145715	4.0
-9.3085888513608435	2.3917892319306380	4.0
-7.1699949467841444	5.4955338484552092	4.0
-8.0381527467999092	3.7767846037856994	4.0
-7.2783125489565883	3.5095396260352731	4.0
-10.4039184941890852	5.3363310734710305	4.0
-9.1840955955897190	6.0835683088684993	4.0
-6.9211436891146230	2.6601018341761828	4.0
-10.5231826178992396	3.6025740423088206	4.0
-5.7885129917387159	3.3191839814015069	4.0
-7.2471685669359962	3.5236944089501470	4.0
-8.1245168655222013	4.9935917907531415	4.0
-7.4070131143720266	5.0779500318970756	4.0
-7.5960077711043441	1.9999451989767556	4.0
-9.0638948469273863	3.9116443037594761	4.0
-9.4955436471963584	2.7640118410127941	4.0
-8.0269444214920931	4.2000246833506587	4.0
-8.6046944203629838	7.2581751710787152	4.0
-10.1124620446214113	4.1264631627407447	4.0
-6.4451219266355180	5.0929924054660969	4.0
-6.3922484601513530	6.8307403901573389	4.0
-10.5502336363126474	4.0149223329509516	4.0
-8.5013760342769213	5.1431831814971352	4.0
-6.7546545338779556	3.9821729501695162	4.0
-11.4108007367302715	4.9042945314254585	4.0
-10.4849659620266635	6.0439486923142454	4.0
-5.6079392779800434	3.6011509942695628	4.0
-8.9792340947137603	4.0595265325119385	4.0
-5.0177003736422776	6.1356717977685289	4.0
-7.1709673289836662	6.4617719536150595	4.0
-11.4163803509322008	5.5872595704099117	4.0
-7.5944275435604753	6.0013231731318397	4.0
-7.6405757107522163	5.3343204760266474	4.0
-5.4448438951859233	5.1017345762492017	4.0
-6.6378287251592569	2.3642580705076308	4.0
-9.1243280267040010	4.8152628731640021	4.0
-11.6325336044691134	5.3241624809243842	4.0
-9.3578388678466471	5.1246483274519470	4.0
-7.8532987732903958	2.9528277244929502	4.0
-8.4557768434486089	5.8291092294240103	4.0
-6.0847031084472674	1.2399020247151549	4.0
-7.1761439137175778	6.5960188221080038	4.0
-10.5263692174683285	2.1966353856572383	4.0
-8.0407004273267670	1.4451309278244757	4.0
-9.0291373909798569	3.4525912613101086	4.0
-9.1370671984326464	7.7564247016497800	4.0
-7.9400046681629153	3.1138417071774205	4.0
-5.8490286629966972	-8.0423133659927259	4.0
-11.5171147274219816	2.5750785313965947	4.0
-8.8194432951274919	4.7329646368318814	4.0
-5.8507136446608206	3.5250902129008064	4.0
-6.4536672449625403	4.9535858514994651	4.0
-7.9142646258320637	7.1843639621898401	4.0
-6.9951577404891232	5.2015085621627319	4.0
-5.4915876366857788	5.4719477948988740	4.0
-9.8469083856264135	4.2616002931843866	4.0
-10.2490656727313407	1.9983707097960317	4.0
-8.4384626130707812	5.7532517488866759	4.0
-10.4176072856084936	6.9006828162979490	4.0
5.3132601579357752	9.6540360968450560	5.0
3.1505579922610840	9.7635808661809786	5.0
-3.2233373606947544	-4.8441107926309490	5.0
0.3719599833992961	7.6449336038049092	5.0
2.3813902904508950	7.3912239289710540	5.0
5.5911796134809046	9.5163922357294357	5.0
8.2408050263534793	7.8970234937214245	5.0
4.4483187521402057	7.4212007621838394	5.0
5.4628830971457916	11.8027963257608413	5.0
5.1686266715034970	8.3130185730832977	5.0
2.5568606859354746	9.2456213355803172	5.0
7.9603727052116549	6.8138617946143576	5.0
4.2110625769869756	8.4426731478409547	5.0
3.4218127700127448	5.0551589001355852	5.0
7.4680421448347136	10.0470361822544518	5.0
5.8641684252257091	7.0021878329782838	5.0
2.0109553373925166	7.5525814913379810	5.0
5.8614537567771849	7.9458129364839305	5.0
3.5305997368364088	11.0531555355394406	5.0
5.5383307274727613	8.6034143849790574	5.0
3.5672416687699018	9.0560290525327485	5.0
2.9998143532640120	9.0252824670465799	5.0
7.0044401125855567	10.6448879804340653	5.0
4.5089273499985785	7.1965177118377133	5.0
5.9826166257164983	10.4379868530702602	5.0
4.9634110543482040	7.9903141250042751	5.0
7.3144896636437338	8.6369564365722749	5.0
5.1536344802788765	11.1351494863952922	5.0
4.3929778957368155	9.8252407502322097	5.0
5.6242381615562440	7.6664573303239614	5.0
6.4624415630520984	9.5604102416570438	5.0
3.7096229239790297	11.4537197415316765	5.0
7.3153796262289834	9.0131874901550439	5.0
4.5744615855707664	11.5146777113030492	5.0
1.8737387054957362	6.4132621337825837	5.0
1.1314025968566952	6.4169465873614806	5.0
3.3972858200054592	10.6660321926239146	5.0
5.0725975332903053	12.7110902104104309	5.0
2.4891245899466936	7.6159301228077654	5.0
6.2025439640641693	9.1377773436537026	5.0
4.1933438907420584	9.0121347445456337	5.0
2.7420077222661350	11.1819995492786894	5.0
-5.7766973995098061	1.0966219706736786	5.0
4.2642632202557795	8.2891245944709162	5.0
6.1102221546183797	9.7293185393893502	5.0
1.4066592607946307	6.5236199538343431	5.0
4.6403962345050367	9.9373811645834778	5.0
5.8456803121231999	10.5459902076584147	5.0
3.8543602272998641	8.2184935575763838	5.0
3.9855417290762607	8.2435427457361090	5.0
7.0170964628190413	8.4439963381228775	5.0
5.8168337060111650	9.0235105005104526	5.0
5.3204380123014339	9.9825326369641711	5.0
3.3703415650284669	12.5815374978669325	5.0
4.6289162154392818	7.2808259065707688	5.0
5.3793091719538637	10.2237663888672365	5.0
5.3134569250926278	8.4343288262281551	5.0
6.4330734304152006	11.4560604656109781	5.0
4.2944131387399755	8.3546557136883113	5.0
6.8065288565242135	7.5099024433604855	5.0
2.7315207313711984	11.3201918016336549	5.0
-7.4577360850059442	9.7952278843081917	5.0
4.4967499897297980	7.7440580489443773	5.0
7.6134158069013376	8.4645260856207489	5.0
5.0078324587857201	12.3797552477954405	5.0
2.2982596775363593	9.7819371347909723	5.0
3.5343045999512586	10.2151858003305200	5.0
5.9854502585829934	10.9693857091591109	5.0
3.2772475313598926	7.2593478536337264	5.0
3.5662788714473193	6.9333021383321594	5.0
4.3778329641672187	5.8319249255363674	5.0
8.6789079811730243	9.1624801876701092	5.0
3.6064899567656532	9.9183514016594536	5.0
5.1226818787250972	10.9535514711076747	5.0
5.7670659254486827	12.2842701470777804	5.0
4.4287410465038963	9.1948156456442316	5.0
4.3008459339095513	9.6819717781609587	5.0
6.3870685183784790	8.7181484068676642	5.0
5.2929941004153322	9.1528598154763881	5.0
6.4125122801483441	10.5574090205947329	5.0
5.2207161488747236	8.9388292287829039	5.0
4.6737785647747412	6.1447432284970978	5.0
4.9576242781969455	10.5336827707675873	5.0
4.2333012308981770	10.8076039180139638	5.0
5.6760100212654905	8.4811753224231961	5.0
3.2439126234018207	5.7727615516015813	5.0
9.5855718949614310	7.6814608637257056	5.0
6.4059780082684981	11.2196213314791198	5.0
6.9062465991198883	7.5160252701813084	5.0
7.0531789747507654	10.0910289269970974	5.0
8.8445945613193704	11.3052519737512807	5.0
7.1864513423197467	12.1356783629507277	5.0
5.8543072352895331	10.3783799790066684	5.0
1.7645335423924573	8.6224532622694312	5.0
8.5543633414096991	10.0758355824411545	5.0
4.5005854979101132	10.1740737659008342	5.0
5.1215255211975155	9.2905049173874303	5.0
3.3106507969502461	8.2272861425590342	5.0
4.4672892980323171	11.9196105924738660	5.0
1.9226435525066237	10.5450606932386854	5.0
-9.3901603330495949	0.4383265790426657	6.0
-8.8920545167543086	-4.5047070096421136	6.0
-6.4767971341880992	-1.2781310977911868	6.0
-5.5298347884100139	-0.3067350661471624	6.0
-5.2896810157086716	-2.9155711804936226	6.0
-4.7391425310462605	-0.1910040741163541	6.0
-8.7096527420374077	-4.2651879841467384	6.0
-5.9726617720516471	-0.7358578632797981	6.0
-9.2875320272538087	-3.7238621861419730	6.0
-7.9864983077308587	-2.1145033900740033	6.0
-9.1122566582716971	-2.9219035615752840	6.0
-1.0544328989303502	-5.1765966666901564	6.0
-7.2842624036302634	-1.0446605873235286	6.0
-7.6328039179498779	-4.8128480407137912	6.0
-10.6911037766039509	-4.7354202330578179	6.0
-8.4786028083985325	-0.4320730829171445	6.0
-6.6021854293681699	-4.7309881976252850	6.0
-9.3709500967100290	-2.6928200953201711	6.0
-12.7363320361404426	-1.9287949862732869	6.0
-4.8821330779645109	-1.6957728460838124	6.0
-6.5851444306562135	-2.0847959836244825	6.0
-8.6753239861578937	-3.8924289588819967	6.0
-8.7286915676128309	-3.2656894226608677	6.0
-9.6226263495318829	-2.7032504574721554	6.0
-4.8328914182649489	-1.4974141788795545	6.0
-5.1364016323531114	-1.1104640789217195	6.0
-4.3352734943008109	-2.4407545875981755	6.0
-6.7729495399145687	-0.7328499124642519	6.0
-6.7489183021934025	-2.3442593917497043	6.0
-5.9949237079605195	-3.5978217974977604	6.0
-7.3905711435181747	-2.0434668942356478	6.0
-7.9301355796154525	-2.2959571022284737	6.0
-7.3776141008807468	-1.3156338155853884	6.0
-8.1899875687226213	-2.0073771352953367	6.0
-10.8514781704913812	-3.9816672447680967	6.0
-7.3613472515392608	-3.4054973253934064	6.0
-8.9095627711885168	-4.3323483349273024	6.0
-6.7115524175132864	-0.3642792961870903	6.0
-8.7446519164930141	-1.5270063831941978	6.0
-6.2819070316103991	-2.4108938526952750	6.0
-10.3787835999609470	-2.3003064283807522	6.0
-7.6322423841070135	-4.0880093394247448	6.0
-9.6293335826559350	-2.2741235753351599	6.0
-11.5488899431361549	-2.7902381619118590	6.0
-9.8545858809934064	-1.2316575413892776	6.0
-7.7897647740417728	-4.0005463718411276	6.0
-8.0888703207278514	-3.7475196301648390	6.0
-8.8593818286763284	-1.9570440096683661	6.0
-9.0471801674582917	-2.6210825933250343	6.0
-6.2209512897042059	-2.2319898051408451	6.0
-7.0558637314850179	-2.7893445914901562	6.0
-6.5037478082859606	-1.0811044864837296	6.0
-8.4478671070326588	-1.4522552304777308	6.0
-10.8423798892013910	-4.2657822903822984	6.0
-11.0412858993448815	-2.3922843266972214	6.0
-8.5542239852679778	-0.3605304803978203	6.0
-6.3781803268244444	-1.8302045030484877	6.0
-6.4743694801173763	-3.3352187382686487	6.0
-7.2266028236358402	-2.2519292126814427	6.0
-9.8041324493509947	-4.8854763499533398	6.0
-8.7638449200210466	-1.8561373121271494	6.0
-9.4829815878529846	-3.3932276610836154	6.0
-5.1006615351959317	-1.1956831782220843	6.0
-10.9272323016488784	-2.3418699395057754	6.0
-5.8797821168923878	-2.2239091506640110	6.0
-7.3619064601996094	-2.7669511085984144	6.0
-5.7582712057098453	-2.8773678322003922	6.0
-8.2090240624103714	-1.4517398016422325	6.0
-12.7623517557068595	0.4876348919637585	6.0
-8.9590940029684951	-5.5918731390607919	6.0
-6.3900516501899434	-3.3455398430769838	6.0
-8.5938971019126846	-3.4136410946984532	6.0
-6.8821501663547027	-3.3708493663913925	6.0
-9.5193359670451123	0.1512117664400277	6.0
-5.9357236702950402	-1.3685074318071857	6.0
-10.0664079251346692	-1.8773781153715898	6.0
-7.1298329343487197	-3.3238077164930111	6.0
-7.9645078885320348	-3.0952924469530312	6.0
-9.9422183451213275	-4.8094604767412896	6.0
-7.5743078942220876	-0.5025845609263151	6.0
-8.3874861609828812	-2.6724861451523010	6.0
-7.0056418769165942	-1.1854039311340441	6.0
-10.5330877210326026	-0.7194458006650841	6.0
-10.7277212663220709	-0.7292464022551305	6.0
-11.3695527988761516	-3.8927243783395848	6.0
-7.6762180356577492	-5.4157175885486728	6.0
-9.4148025062710552	-0.8505800022544217	6.0
-6.8715736470081543	-1.6804950512217181	6.0
-9.9659981254844041	-3.4691479578009692	6.0
-8.1577110158691362	-2.8789651023540230	6.0
-8.6037813381336239	-1.8609158440163760	6.0
-8.0751406036084425	-5.9029069590133556	6.0
-9.6416180572217183	-1.1444617774132440	6.0
-10.3929524815833236	-3.2482052201067919	6.0
-4.2027531400558598	-0.3040273728290117	6.0
-5.6578575638426232	-2.3420722246731205	6.0
0.8497531658977329	-8.1594066033973718	6.0
-9.4410104124997769	-6.4364476375803488	6.0
-6.7291610222346474	-4.0351397268182536	6.0
-7.5714400254212135	-0.5287131877043074	6.0
1.4213335003108798	4.1135118035548306	7.0
0.1474432493583273	2.4055507164730838	7.0
-2.0837808401215163	2.9412527172699963	7.0
-12.0330228872932352	-0.3676058929382561	7.0
0.1465655922273795	5.8817514807698688	7.0
-1.1198887769815258	6.5338825640195095	7.0
-1.3087066835265464	2.7522394667342192	7.0
-10.8324333873119176	-7.2925527853776213	7.0
-0.2239652992876979	3.1975972478532642	7.0
-2.3214818656291425	4.1102811700976938	7.0
-2.7383759963039882	1.0804671504925316	7.0
-1.9659533619699259	2.2625713533655358	7.0
1.4024984182799538	3.4610729455455256	7.0
-0.4704759238279599	3.7515256920983671	7.0
-0.4176450397244223	1.6535886597867000	7.0
-2.0317076260219329	5.1171269451909085	7.0
-2.8253619768554783	4.0784175699131451	7.0
-3.0829759531497536	1.8819341667260858	7.0
-1.8060114599223374	0.8445333215073454	7.0
0.3191487054221920	2.4412787054029184	7.0
0.5556608642066262	3.9511264478893611	7.0
-1.7251504644960325	4.6088223412291995	7.0
-2.5059305078654046	5.6551569521849476	7.0
-0.9611180403274051	2.9209050077094032	7.0
0.1634582626158265	4.0467059010495410	7.0
-2.2824372840806246	4.2482491891672840	7.0
-0.1583543087489638	4.9614493948960989	7.0
-3.2885602682703516	-0.1372672657453866	7.0
0.4138636856202076	4.2579516918687537	7.0
0.6170498874566651	2.6797391911397752	7.0
-3.2318660762310727	2.6232546085762984	7.0
-0.0279871146398513	2.5763935969014016	7.0
-1.3819069629098777	2.0004625562113332	7.0
-1.9906209950767517	3.0525000446821542	7.0
-1.5961637005590958	3.7391746602848359	7.0
2.4381151656202689	3.4266016150619212	7.0
-1.7049442761716840	3.4155169605195699	7.0
-0.8282641177586619	2.4353151776166526	7.0
-1.3545135142670777	3.5242692071164052	7.0
-1.2647994720630640	0.8570570946817095	7.0
-2.0627599900815325	-0.3512916341007795	7.0
1.9651622198225269	4.4617994706271160	7.0
1.4295158942897770	0.3596518447018034	7.0
-1.6904064625284245	2.5069801282111466	7.0
-2.6293677385461085	2.7814629579496204	7.0
-0.8783151348412923	1.5398251377174605	7.0
-0.4439782124404591	-0.3772939438017077	7.0
-3.8156548476929553	1.2834714092662114	7.0
-2.5664042976053341	2.1924294412801850	7.0
-0.5621235786028881	5.0589258812371733	7.0
0.9804442368790923	2.6909147081190010	7.0
-0.8673538796831871	4.9462719306063434	7.0
0.7361939205638017	4.3313457282329990	7.0
0.8410280344119241	1.5625016051755256	7.0
-2.1907429084714574	4.6736809145034570	7.0
0.3233225394876092	4.1710856841490491	7.0
-0.0603860837856839	1.7178661390650496	7.0
-0.2156445313198829	1.4550166742715469	7.0
-3.9295306661381182	3.1189703376988756	7.0
-1.2788773050063358	3.7745374853417126	7.0
-0.3980512414822440	3.3467682942592316	7.0
-1.6367455874487371	1.1756011130106012	7.0
0.6818655395897641	4.7793277492686981	7.0
1.3192566220936366	1.8309112730303587	7.0
-1.4639278028777889	5.5077264602077562	7.0
-4.4212571875344917	3.7732276992247233	7.0
0.6041748193825933	1.0450348198458770	7.0
-1.5054393238273627	3.2199075948327112	7.0
-1.9360623129903041	1.4536823096214677	7.0
-1.1002617034525217	1.7047526563607420	7.0
-3.0527696382569678	4.2304319069450136	7.0
-0.0711450272887629	2.7414727854170162	7.0
4.9729350420849041	-1.6683929025328257	7.0
-1.1211903117813664	0.8463787129088388	7.0
-2.6891271243569514	3.0172485993617952	7.0
-0.6500767153785215	2.6281551559469194	7.0
-3.9759158036933737	4.4311029233984316	7.0
-1.7904496462459338	-0.3247196901832034	7.0
-0.1138095149736741	3.6776853993690386	7.0
0.0878573032776324	2.6942339970482538	7.0
-2.4894963528914560	2.2185749739861280	7.0
-1.1483722030120167	6.3468402853404617	7.0
-13.5116684241298142	2.1130829300433773	7.0
0.6608060705604583	3.9020617544438636	7.0
-1.4723494679737563	1.3600817923502717	7.0
-0.7195561077191915	4.2195961265517736	7.0
2.5197114237363776	3.4754613455391414	7.0
1.3059627164053214	2.5007441332206830	7.0
-1.0963010219545277	2.1372508796196561	7.0
-1.0522441277626606	4.0563582334509194	7.0
-2.4375711616374676	1.3478805825747986	7.0
-2.2027332609410077	3.1872631087700420	7.0
-2.8204511456897468	4.7947213083744673	7.0
-0.2458018493937502	4.8917426732477587	7.0
-1.7800427259538456	4.8427313330859389	7.0
-2.3450197815766574	2.9234922796842375	7.0
-3.4517157096797622	5.3093805210830824	7.0
-0.0584131513295122	0.5883790291969212	7.0
1.1464456237967637	4.8706416209666168	7.0
-3.1122164088200148	3.4888292797790541	7.0
-2.6567930821200929	11.4689700565190531	8.0
-4.3917579329689422	11.1966576987946347	8.0
-2.1397531908515259	12.1801793922558748	8.0
-4.3522039364311338	9.7297943439524754	8.0
-5.4063142321629609	13.2575425261623483	8.0
-0.5402737114410366	9.7291312245221260	8.0
-2.8039644504941745	11.4262323277478828	8.0
-1.9232936647177170	7.7403849218765917	8.0
-3.8989362541058217	10.6845614302510707	8.0
-1.0134024842885141	11.3133002483111778	8.0
-1.3216100948439360	10.0218030876368864	8.0
-1.7278964928284242	11.0764796492830886	8.0
-2.9114999429971560	14.9135180363672131	8.0
-1.1334075554498819	10.6681600054535064	8.0
-1.5570111721370279	11.9467436590619958	8.0
-2.1415451338610341	13.1336610389562320	8.0
-1.6797981072471311	14.0714942393927007	8.0
-2.6710386639062289	10.2331511112878211	8.0
-1.5485612339576176	11.3646148221448016	8.0
-2.9387837441405340	11.6470216209712927	8.0
-2.4048042284878317	10.9462639383074833	8.0
-3.0021800667238083	12.4211198941391991	8.0
-5.3871359723462238	11.1830742949287103	8.0
-2.7020148149356924	13.0285208182728063	8.0
-3.7993850170059438	13.2153525200887128	8.0
0.4974432198863296	12.3890408971170505	8.0
-2.3074756593266392	9.5922198188657699	8.0
-3.2498347062896102	13.1830413784466280	8.0
-1.4518208827511494	13.0555146177338770	8.0
-4.2856052762270993	10.8955941091260993	8.0
-4.7245819219555383	9.5403261362727996	8.0
-5.5427350936430919	9.8712568257458866	8.0
-3.3799982366149859	9.6559892826981617	8.0
-2.7163488836302454	10.7600681802334339	8.0
-1.4002332216660427	12.4246610069444809	8.0
-3.2892781456397717	12.1605844100182523	8.0
-3.5985571235144507	14.0620347765393987	8.0
-3.9065961154605802	9.9052448068637595	8.0
-4.5838340716385604	12.6290846355618882	8.0
-4.6715731697006548	13.7739244275152064	8.0
-4.0871327040214176	7.6040003795465481	8.0
0.0155927315500873	11.9021702595658478	8.0
-3.0950249537502619	10.9576220092448562	8.0
2.3807373766638658	12.8206270331229177	8.0
-1.4153797866187148	15.5959690660613521	8.0
-0.9219076279804096	13.1124315225815593	8.0
-2.9206165642479944	12.5600230009410385	8.0
9.6658975903329853	-10.6808729003711900	8.0
-2.5116137300126207	13.2713142046458898	8.0
-3.5932892726264019	11.2216088931080211	8.0
-4.2600281743003752	9.3634609792090551	8.0
0.6018696290682203	14.3469253237818162	8.0
-5.6123115290261678	13.3478570269555767	8.0
-6.3768394122065857	8.8810541199301660	8.0
-2.1088006195843705	8.8227689238074625	8.0
-2.3750360517956381	11.5587955853906514	8.0
-3.6529987250449021	11.5689802544428435	8.0
-6.3284852077877796	11.2333951242820103	8.0
-3.9596294255833464	11.2890854001166510	8.0
-4.3349144309617058	9.6604383708588948	8.0
-4.5650618226039930	14.8637953056308696	8.0
-3.0967723071857369	10.0648271532098708	8.0
-1.7604412549449788	11.7791076949516036	8.0
-1.8449017809199311	10.8775697515775374	8.0
0.2051315975338422	8.8888757082826739	8.0
-0.0516929803729635	10.3383833388463131	8.0
-5.4322033536694114	10.5499635123333313	8.0
-2.7337107662552205	10.9350029872095327	8.0
-0.4150028377381552	12.1054078348782639	8.0
-2.5966533022027969	13.1099940840240397	8.0
-3.9019021417053312	10.3966503478301320	8.0
-2.7058276892860844	14.4888113801074194	8.0
-3.8856712401825666	12.3714624528783883	8.0
-0.8446983056120524	14.1207338639882778	8.0
0.3104097105529431	11.0846746192758179	8.0
-4.5054091353969659	9.1203376224247830	8.0
-5.2659512631389225	11.3575285197512379	8.0
-2.6922076168491720	9.0051460412523365	8.0
-4.7365312258463357	10.1894640605688771	8.0
-4.3237753469563964	12.0834990444521289	8.0
-2.2346586719200503	10.0150716171546712	8.0
-3.8829671923888411	12.9735626201640049	8.0
-2.7118586704402232	10.8037799461640471	8.0
-0.0189415977780833	10.3889817323178395	8.0
-3.9126062528174259	11.5776063253481194	8.0
-1.2750732368657760	10.1417577227903184	8.0
-2.0569500638201550	9.4717781158573775	8.0
-5.1585550213197555	12.1300107546515559	8.0
-2.2260397084351728	11.2280486797886230	8.0
-2.9551305222721127	11.7227876439026719	8.0
-3.7091539966725331	9.0423582237531797	8.0
-0.5289773894247600	13.2471993871125058	8.0
6.7717641104253135	-1.9327787572840935	8.0
-2.0395913782058468	12.3517602414824985	8.0
-3.4743256631973520	11.8954987407590842	8.0
-0.9636727791279242	9.1888793395790884	8.0
0.5249378200590786	8.6847481741752866	8.0
-2.9647196069476278	7.7618547953060615	8.0
-5.2809406753302905	11.9186625767478045	8.0
-6.2349922347323483	12.2604133351096962	8.0
2.5765321245843076	2.4048448934701092	9.0
4.0113394773830207	1.1524567526839513	9.0
9.2053416938739634	3.1995925352292169	9.0
5.3483987404631970	2.9908621435022971	9.0
5.5022550708650719	1.0925061017871700	9.0
4.6607671585676229	3.2174272738617917	9.0
11.0049805253475501	2.6994834356971076	9.0
4.3863369484858916	3.2783899702304367	9.0
7.9319508904616294	2.2713423670728323	9.0
7.0212476104117538	1.5222446344754190	9.0
7.6489316686359281	2.3828436868425005	9.0
6.5947554191235147	0.5135859167268612	9.0
7.7761693938270815	-0.6386636557251965	9.0
7.7048615072750950	4.2761054215683290	9.0
5.1605002855450559	0.8852463104355136	9.0
7.4090020568488635	3.4107451098176966	9.0
10.1005254373752802	3.1446996309097597	9.0
10.8090225344954867	4.3247286245962133	9.0
6.1181739103936499	1.1185306334977883	9.0
9.1030512480439505	2.5896016504135915	9.0
7.5388783951272513	4.0674507890431766	9.0
9.0516755427817621	1.0095214117920130	9.0
10.0982431259599341	3.0987392421616353	9.0
7.1014974110510627	1.1904577071295253	9.0
8.8392315843898270	0.6160901227345716	9.0
5.7375649792340244	1.5117655866348843	9.0
4.1849793509809121	4.4549000700327248	9.0
8.7774501560459033	2.7477461624602380	9.0
5.2507292726817507	4.6027544669109632	9.0
8.7319072585782394	3.3687657707862990	9.0
7.3669424707214901	1.9823460470900551	9.0
5.9513374681706663	0.4313129910133172	9.0
8.8806925434906674	1.1840775879416354	9.0
5.2173631594090155	3.3344663033725803	9.0
7.3737008222986828	1.8579457770270937	9.0
4.7802016420489837	2.2979352634755990	9.0
7.6033812692560572	1.0994408623366005	9.0
5.7866349304854703	4.1270632481317104	9.0
8.2501987845107987	2.8380863994108894	9.0
7.4161936916235200	-0.0031839371183963	9.0
5.8376200269825693	2.6595685828771773	9.0
7.5799772901709881	-0.1685514951445203	9.0
6.3477211415887469	3.7365874860553872	9.0
10.1400032016524033	5.7101369638823734	9.0
9.3794692839372296	0.6879163189588119	9.0
8.4100714964660259	-0.2018798788591148	9.0
6.8350352972328299	2.6624450886664879	9.0
9.0913000349528126	2.0521712349849004	9.0
7.9145027419534220	0.2698116108847960	9.0
8.7994755758224876	5.5224459477926384	9.0
4.6789739546783213	1.8642318393592905	9.0
10.6806097229835046	0.2732937319208888	9.0
5.9699890080589233	2.2487011890653519	9.0
9.0341301758041332	3.8567565444724541	9.0
6.6025068010735781	0.0949712728894524	9.0
-9.4158226971089221	12.4459987651299304	9.0
7.4845437749221722	4.3826918178669541	9.0
3.7956792709941150	1.3472036273410684	9.0
4.3801579278532721	2.2085496662293118	9.0
7.0219259100487612	1.2539696017473165	9.0
5.2295950935160294	2.6607507271147992	9.0
7.4651988630346722	1.5033228886464376	9.0
6.9490259827904470	3.0056666610687590	9.0
7.8236770183913631	4.5909666927157646	9.0
5.6951466206324479	0.5424063103608759	9.0
4.9902686441765391	0.4457946693278530	9.0
7.2696427251971585	-0.0470812702200030	9.0
5.8813610039131810	2.4283069588976405	9.0
5.2695483590694856	1.5453704318362462	9.0
7.7013072306549883	3.5461635829147871	9.0
10.5186809353131601	2.7589091112970441	9.0
5.1975878086537906	3.5681980229841437	9.0
9.3765560015113909	4.0537212031435619	9.0
7.3807562443505894	6.5805289115323564	9.0
6.6079358251607969	4.6169529425806539	9.0
6.6476419015423467	4.6044718613199107	9.0
5.8652959809702043	2.7646240990922535	9.0
8.1085190403833227	1.3596993378235591	9.0
6.9769982919122420	3.4490160564484573	9.0
9.1352134679379997	1.9530798213481124	9.0
5.7906813803998922	3.3482248638488428	9.0
8.1863325616960694	1.3718854720269160	9.0
7.4845731097179886	2.2698775150927801	9.0
6.7380773949993280	2.9095009836615855	9.0
8.4262335004561510	2.2819119142547701	9.0
6.8548522113863548	0.0542715816849290	9.0
5.9680120113020951	-0.6943231160027682	9.0
9.3396636136767253	1.3083195519127901	9.0
8.3628148733474603	2.1920404333208405	9.0
5.3839591343832991	3.1634339603731316	9.0
6.7365077344032134	2.2836999199114398	9.0
10.0146519671159151	1.7396545070470191	9.0
11.4359598892829322	1.4816062680700310	9.0
5.1170150189393953	1.4278930378726755	9.0
-10.4802354013595878	10.2561118007205980	9.0
8.1936185979570499	4.3640114606112324	9.0
8.1085810860565921	1.1872074873701286	9.0
8.0481688930112760	3.0519236648536938	9.0
6.4051915614779720	3.9522653326788184	9.0
6.4864344220213566	2.0307680717328065	9.0
