6.7558404339975562	9.3205870046614745	0.0
8.4949589171965609	8.4262369233355265	0.0
7.9394904444366592	8.9189850693674710	0.0
8.2086704872773559	8.1167781939276544	0.0
7.1900591985299203	9.1271722776597368	0.0
6.5901487468244362	8.6891557539651316	0.0
6.0331015527938021	7.2666143367739622	0.0
7.6266999127122395	9.0348083989947821	0.0
7.4757302488001907	7.3570404861484775	0.0
5.5716094048385711	8.2891336098270099	0.0
7.9634655572665300	7.6091407275438838	0.0
6.0346620729326910	9.1136586770860042	0.0
7.0330747767920290	7.6519253667415938	0.0
6.8584811534036874	8.5394667047355224	0.0
6.1354488340157456	9.3535892082558707	0.0
6.5173502421535616	8.6617922985248015	0.0
6.1630928885469123	6.2671459616535943	0.0
8.1013533247312317	9.2859292356807739	0.0
6.8783755874383310	7.5855449792411989	0.0
5.5562205170960297	8.6904728344190030	0.0
5.9062835559606759	10.0799200601098971	0.0
7.6478117194194022	9.0192900082955454	0.0
7.4817681793767719	8.2479031971612304	0.0
6.8605583418560938	6.6309712504705578	0.0
7.1060575936758488	9.7936430742045832	0.0
6.8881965408022081	7.1742155950962276	0.0
5.4995346790389927	7.2656011444865820	0.0
7.0096488763001803	9.1613029532533456	0.0
7.3203980419253849	7.6046818560817142	0.0
6.2032257942294997	7.6901610488150043	0.0
6.9447662212665797	8.8315433627220798	0.0
7.8937415500810957	6.7560908160584177	0.0
6.3433284484173926	9.3275297863601256	0.0
8.0066492084719538	7.1338122164931566	0.0
7.0945193446973018	8.1795195935930103	0.0
6.0242205292861479	6.5152074248532719	0.0
7.4372102876123245	8.5401336563305676	0.0
7.4921671732312802	6.0552629722753570	0.0
7.6992366516036546	7.6725847248198775	0.0
7.9128485700577924	7.0442551502444450	0.0
8.2674466647570402	8.7552531344386537	0.0
8.5351964163649789	8.6465200602353818	0.0
7.1814841699563816	8.1936201650627840	0.0
6.6127158928652285	8.1141975747899426	0.0
6.9389157880655068	9.0024993450271023	0.0
8.3485474435334766	9.0132553434204379	0.0
8.4127707910178682	7.1926396340853032	0.0
7.8760550385901400	8.8108558156078303	0.0
7.5468655019898296	10.1570610000428427	0.0
9.0499678627425251	8.3983040293513120	0.0
7.7264615880008485	8.3435942994383989	0.0
6.5969078399403802	6.3017160594164237	0.0
5.8113012727059470	8.6883241978486137	0.0
6.5037308971260899	7.0207733674187836	0.0
5.8347590642139746	8.7297416294673695	0.0
5.4696150296926787	7.3443283032001085	0.0
7.8352510060263159	8.2039522276168455	0.0
7.7328135746760234	7.9010589200565127	0.0
6.3402318147218235	7.5710994815865940	0.0
7.4915969397069011	7.3464197283252473	0.0
8.5076380101309912	7.6640208756853578	0.0
7.6832096938839003	8.9266887799998287	0.0
8.6605094714557662	8.0805763125676293	0.0
7.8555709104914611	6.7127973072357410	0.0
7.6557163362293457	7.1560054594128779	0.0
7.4140112648746639	5.9164017067097934	0.0
8.8227765450621085	7.3236646309359079	0.0
6.6445728465629443	9.8619690214933140	0.0
6.4493216352716756	7.7054958819104113	0.0
7.4836438852006912	7.7736859115488235	0.0
7.8283085121067613	9.2513447642580644	0.0
7.3948278497633853	9.5598710670602838	0.0
5.6078191032461797	8.1202064400929430	0.0
8.3787724397459833	9.9306636533590638	0.0
7.2496181271854523	7.4670650501825149	0.0
8.7319251205636323	8.9897017825592478	0.0
7.6897094680752014	8.1762475006755366	0.0
6.8243484603830060	7.2604651534726896	0.0
7.8554807267891880	9.7310780705754301	0.0
6.0385124526192495	7.9322193962542373	0.0
8.8799209819251939	7.8768966093713972	0.0
5.7950568116885810	8.4317107819024635	0.0
7.0922738115526798	8.5625764521064198	0.0
7.1021532339730440	8.0925115313979266	0.0
6.5870608391645256	7.0109529850575321	0.0
7.4014975505308724	9.0210480870385084	0.0
7.0425079553135959	7.3885828308483577	0.0
6.4236287938884571	8.4644383137141546	0.0
6.8418791023883880	9.9903157474205724	0.0
6.3928564835934925	9.3486806874407584	0.0
8.2310414470942863	9.4292916670732669	0.0
7.8100414364612858	7.6244271709314333	0.0
7.5463654010280630	9.6140717936453406	0.0
6.9283773305441887	8.3123894811470311	0.0
6.8153091974925779	7.9500037018063274	0.0
7.3771702495765696	8.7984364278349254	0.0
7.2199185980045222	8.2677393571797140	0.0
5.4727072630309044	7.5010591546033609	0.0
6.4707944532470485	8.1811225834382988	0.0
7.2465631512291111	7.9738558987907213	0.0
-0.4848067013101579	12.0183810390521746	1.0
-3.3626958416171728	12.1878514315353588	1.0
-3.6016128686374822	11.7125111095521479	1.0
-1.5496882959083247	12.3326584714838852	1.0
-1.2141757678883056	11.9507425211288680	1.0
-0.4051797596247275	11.8674318971963970	1.0
-0.5752657483668608	12.5201843429609916	1.0
-0.3478685051150823	13.1223882858712955	1.0
-1.0641718057151144	11.2863300826548763	1.0
-0.6855396685340215	11.6485388642473353	1.0
-2.3243448795868620	11.3755878730343589	1.0
-3.1006925766465638	12.8882244316691246	1.0
-1.2405493936165939	13.1480439986523923	1.0
-2.1619507780220673	10.6893703490752898	1.0
-1.5382795348589353	10.5007668410731618	1.0
-4.0890183106401441	12.6556621523476540	1.0
-2.3742896815172747	13.0400446248804656	1.0
-2.5540410588262441	12.6619335467592933	1.0
-1.7967018753639838	12.2480107942435996	1.0
-2.8384794620145763	10.5277278216231203	1.0
-2.9553320658790225	12.6025126547895088	1.0
-2.4228506847857267	13.4308913321998027	1.0
-2.2015405884068264	8.4654433299256038	1.0
-1.8634917204123516	13.0884176008506863	1.0
-0.6521819194280132	12.5672352450268114	1.0
-2.7217950989360045	11.7957796079188668	1.0
-1.4535454028558465	12.1947299210398725	1.0
-0.0395364211335124	11.4668180144285685	1.0
-1.1264422658231779	11.7621939812754821	1.0
-1.7505947776676660	11.8019895384298987	1.0
-1.7012370721964543	10.4620127003588959	1.0
-3.2218583694564833	11.0271279400986248	1.0
-1.2381443144407744	12.6469759887492970	1.0
-0.7450620971789849	12.5093255513550083	1.0
-2.3839015408961135	11.1270282089706871	1.0
-1.9021858740125617	11.4817955366676685	1.0
-1.5664006409261932	11.2506940539412685	1.0
-0.7227151532412470	11.0561175037034296	1.0
-2.2824590746121656	12.0995447245025911	1.0
-0.7669034056701591	11.9306807097707193	1.0
-1.4765100062816272	11.7953770138069132	1.0
-2.1839008428448259	11.4082208424758207	1.0
-1.6663237820042509	12.7009533099973826	1.0
-1.0208332703010436	11.9007773074496335	1.0
-1.9470327210319165	11.5817464650538167	1.0
-2.3523090458736378	11.6729655197490132	1.0
-0.4029989386632888	11.0906841162488625	1.0
-1.8201873990826436	12.2457436718377810	1.0
-0.9942991293215536	13.7583744172571834	1.0
-1.2723372378326341	12.9600031383541268	1.0
-3.2891701755048928	12.4959901270067260	1.0
-2.5227334798519667	13.7885437552817827	1.0
-1.7423454360399704	10.6199469869646919	1.0
-2.2363597750630189	10.9815875033219825	1.0
-2.1547927630670558	9.9302804736331698	1.0
-2.3868972778495410	11.4776199029481720	1.0
-3.0374046229182787	11.4767308978389835	1.0
-2.3243720842169147	11.2332728407706046	1.0
-1.1183016320732435	10.2510125513933943	1.0
-2.0020021736508702	11.9010721285383152	1.0
-2.5169835223374193	10.4574967181972678	1.0
-1.6298810377281321	11.1672252347984156	1.0
-1.5632092511971358	12.3139742848306266	1.0
-1.0413347577474632	10.4590041777582456	1.0
-1.2255019560656772	12.5458853828195931	1.0
-2.0321569036978731	12.4660325218893426	1.0
-0.7749640874056795	13.1307691731941603	1.0
-3.1339039365983705	13.5983198876840561	1.0
-3.3104385426543455	12.2773803358747990	1.0
-3.5977848887802537	10.7467749623225632	1.0
-2.0005480163179294	10.4190961021348709	1.0
-1.9767643544937028	13.1168539525286008	1.0
-1.4976963046483844	11.1690578409842711	1.0
-2.9268934937727571	11.5864394935959716	1.0
-2.9904350002887927	10.8462002165852773	1.0
-1.6725168572464921	12.7248964641190714	1.0
-1.0761782888983922	11.3892630160478099	1.0
-2.3818537320912077	12.5984392663145943	1.0
-2.2123682287157735	12.8079071597985195	1.0
-0.7155913141885701	10.8810792803638190	1.0
-2.9354091383683643	13.1280462529069677	1.0
-1.6914835472559020	12.0487252074588795	1.0
-1.5570075571111486	13.0547896079008900	1.0
-1.9356773652337378	13.1234659860917837	1.0
-3.0048216959540670	11.6045344423736552	1.0
-1.6601529708286467	10.9457300938401456	1.0
-0.9195229969407566	12.7798292947308418	1.0
-2.6187136169606551	12.5839267290590691	1.0
-2.0948516572176787	10.9659567699158949	1.0
-0.9792060824896991	11.1015776211253208	1.0
-1.0637323112069701	12.1811255726021059	1.0
-2.8197631994327397	11.9418773035604122	1.0
-2.3148830442136692	12.1665939439341546	1.0
-2.7204410322366122	10.2832624054865533	1.0
-1.5582460900240314	11.5439393720182633	1.0
-2.3308423801913158	11.3287902019475872	1.0
-3.0301273780622662	11.8525091420786524	1.0
-1.0348456616541961	11.7332162745331683	1.0
-2.3970842920386111	11.4950285904843597	1.0
-3.5220306575751414	11.9722172394102788	1.0
-8.7707349821991407	-4.1840486316825913	2.0
-7.0627382968388073	-3.4033808868654263	2.0
-8.0909942534854515	-1.8591561272857828	2.0
-5.9801777906787290	-3.0735781779952158	2.0
-8.4060215960302553	-0.7483562844129928	2.0
-8.7421275378362449	-1.7023547389805322	2.0
-7.6252340834931713	-4.1261468271596504	2.0
-9.5969538129403968	-2.4331866354602694	2.0
-9.1156405297742591	-2.4618910344813005	2.0
-7.6738310112022043	-4.4278431027194882	2.0
-5.2536179423782716	-4.0935209496758738	2.0
-9.5018597997014069	-2.6981180182053182	2.0
-7.2530727000126580	-3.2353073182657339	2.0
-4.7632291248683227	-1.4934965490328602	2.0
-7.4001628321148027	-3.8990537168646138	2.0
-7.2477418169492926	-4.5760551427747274	2.0
-7.5115183787461310	-4.1632478458347224	2.0
-9.0461709586667514	-4.6943432850870854	2.0
-8.6644493267066540	-3.4871900893109622	2.0
-10.1234059683617001	-3.3065977693462583	2.0
-7.4055761942640634	-1.7349805052264913	2.0
-9.2899181012176157	-3.8325060416752952	2.0
-7.1493699797649333	-3.4591211321047686	2.0
-6.5722531882884541	-4.1402258039954436	2.0
-7.6868616405139205	-2.7094803217216197	2.0
-9.1165019654486166	-1.9536490856901763	2.0
-6.7440364825629660	-0.7426164048997935	2.0
-10.3951272789728275	-2.1582092219748144	2.0
-5.7962947223449612	-2.4698738063000576	2.0
-8.0789744095692733	-3.0380367570422253	2.0
-8.4316916494482967	-1.6520461407202578	2.0
-9.4210371859630690	-3.9644475312017056	2.0
-8.0128279558636972	-2.5008205712415039	2.0
-6.5541788075011009	-2.7991155018486711	2.0
-9.7473249868815994	-3.5384071335750202	2.0
-7.9173819757733055	-3.3429532257513750	2.0
-8.3052439872705648	-2.6761547339310221	2.0
-7.6744661496094109	-1.1938695078171591	2.0
-6.7951217882644190	-3.3558144369711713	2.0
-6.8677995135402536	-2.7639833170722676	2.0
-8.0595895520794301	-4.4076822970535412	2.0
-6.9200338314484959	-2.0872870247080693	2.0
-6.7511307560944163	-3.9442463093008797	2.0
-8.7444743637612738	-2.2221597431425164	2.0
-6.7336290564620906	-4.3007501551690144	2.0
-8.8275456872123357	-2.7456413414237222	2.0
-7.4812271218480024	-1.5862529228042250	2.0
-8.1891193477224302	-2.1743652765523880	2.0
-8.1266677648852372	-4.8041967210086138	2.0
-8.2610615187001084	-3.9276629216313865	2.0
-8.2733092644081285	-1.3568655167771342	2.0
-6.8558667313373363	-3.6591215163892254	2.0
-6.4597506068137767	-1.4285240871842317	2.0
-7.2290723943166197	-1.3112450877060779	2.0
-7.5407323240119588	-2.5646221508430180	2.0
-8.9617216573629790	-1.4980871928416923	2.0
-8.6152366819092308	-2.1482153980750121	2.0
-9.7837898807996861	-1.4831437144961703	2.0
-6.9382270904189074	-2.0325306487358201	2.0
-9.6912841235546043	-3.0585858782516344	2.0
-6.6188284396023835	-2.3776797470724422	2.0
-7.5179425987348507	-2.8525019171949859	2.0
-7.8417592761477550	-1.2424106760422107	2.0
-8.8179960614961672	-2.0553227753857053	2.0
-7.7151163863185737	-2.7877739198715816	2.0
-9.4938340709717099	-4.1886075157354403	2.0
-7.3593627425051222	-2.3281101278597784	2.0
-9.0117048446328258	-3.6402774824361299	2.0
-6.0277333605473338	-1.4187682006833608	2.0
-9.4169864109100274	-3.1872130681187580	2.0
-8.3736601105107287	-3.5050057111290815	2.0
-8.8748310198444162	-3.5324628286981747	2.0
-9.8350249524411701	-1.3763130478944710	2.0
-8.3976784562056750	-3.8208888722141894	2.0
-8.8584161768967515	-2.4372893596348506	2.0
-8.0610242843466882	-3.2086343416110163	2.0
-7.8018541780463941	-2.3196363044656749	2.0
-7.9276661013852703	-4.2477460401693303	2.0
-8.4600322921989726	-3.1331964115894446	2.0
-8.0894440464912645	-3.2642796941685708	2.0
-4.2982238877289642	-3.0223465407506573	2.0
-8.8031214173594314	-1.5941997649580690	2.0
-6.7732708625962905	-2.4904373123989081	2.0
-8.1291522783793333	-1.2381723846849504	2.0
-7.8427574155132369	-4.2489997598123681	2.0
-7.4904887952037651	-2.6068854092511446	2.0
-9.0372022545852655	-2.9181967751316988	2.0
-7.8391065131360991	-3.0337661912457405	2.0
-7.9911583141926679	-3.0630054543700496	2.0
-6.9870327198556401	-2.7147225898784479	2.0
-7.8300590224274176	-2.3749372961984054	2.0
-9.0783515931386454	-1.8718300789705613	2.0
-8.7706337679545889	-2.8241356267247784	2.0
-7.2825855798343380	-2.7431624436978499	2.0
-8.1887459561873364	-2.6563855047250411	2.0
-9.0010227694759131	-2.9152708395204439	2.0
-8.7718228669789369	-3.7218514195674786	2.0
-7.8822573544641665	-0.4220034122104825	2.0
-8.3260697624928355	-4.6850899605773435	2.0
-8.3602960409112885	-1.4054988885578215	2.0
-8.8441462124362999	6.4241128939678411	3.0
-9.1588380783182188	7.9939293427390528	3.0
-7.9542295284537365	6.7064155852323903	3.0
-7.9653308782397652	6.3893576068366160	3.0
-9.2726378608049398	8.5297207613627855	3.0
-9.8787260602038121	8.8449507126889824	3.0
-10.3213892201939164	7.2783116536285206	3.0
-7.3469878368311718	5.5694093020973066	3.0
-9.1593307677088305	5.6050136824178578	3.0
-8.9015675523784363	6.3275620305574405	3.0
-9.4024404857370456	6.7964830842507933	3.0
-9.0510928560174193	6.6011397604383237	3.0
-9.1989044514456531	5.2062488411981143	3.0
-9.5701194757498023	7.8591388405438005	3.0
-9.9469035919265956	7.9222733920730093	3.0
-9.0880304931301854	6.7104975914036453	3.0
-10.4732144460574510	8.3297098412548536	3.0
-9.6626249517465510	4.7352667278190825	3.0
-9.5898307995631384	7.1280108773056066	3.0
-8.7422072144678129	7.6986428434767449	3.0
-8.9536543032332272	5.9554833738941966	3.0
-8.2414273576257564	6.0137714081410163	3.0
-10.4656584716920360	5.9588172323518798	3.0
-8.0845958787280932	5.7684221149085069	3.0
-7.2603381136218932	7.5487636148698272	3.0
-8.5048665047982972	6.1859061568076132	3.0
-10.2195940297075722	7.1377228537893522	3.0
-10.6563069492769067	4.9904809131284340	3.0
-8.5071299717348268	7.2822462505259145	3.0
-8.4347811621463773	7.6270444670057085	3.0
-10.4838196848253133	7.5629791519636873	3.0
-4.4359811037260259	8.1338278114730134	3.0
-9.1706881056327827	8.0840629906127788	3.0
-8.0610362884065143	7.6083682086165059	3.0
-10.0451742150269165	6.4802118437004905	3.0
-10.4537521386470971	7.6845543493384394	3.0
-11.0815996596403945	7.2959964668850175	3.0
-9.3082671428162271	6.9715050056442189	3.0
-10.4917212158648994	5.9258348759675918	3.0
-10.6315002429281247	7.8473839591115651	3.0
-9.0581993502032798	5.3584225571742765	3.0
-10.3054193397728326	8.2749486062383699	3.0
-9.2302000233554011	5.9523389428845412	3.0
-6.6080550855510936	6.5482384954284552	3.0
-10.6773264647165949	5.7546142356937242	3.0
-8.1313032464437356	7.9438987894503841	3.0
-10.3585138580782097	7.4673283034700280	3.0
-8.4490413306212133	8.0001153410392707	3.0
-9.3413231736341711	7.7823266807059603	3.0
-8.5445194265299254	4.8503121411580885	3.0
-9.0753140125078815	7.7437726419186825	3.0
-7.9515017663690815	5.0702538735149840	3.0
-9.7716882441894697	6.1884708753945201	3.0
-8.6521293927876606	8.9746591596727558	3.0
-10.0936280267489806	6.6425151972586729	3.0
-9.5292099990521990	6.8690868032951657	3.0
-11.7177494612876956	6.3354771764589559	3.0
-9.5724446402808603	6.2306428908424332	3.0
-9.6946024070281318	5.4014642151488035	3.0
-11.1944871315982883	6.4806763650591872	3.0
-8.4194809888882816	7.5462019677719372	3.0
-11.2525466094745727	7.4798079915912394	3.0
-10.0927172109935377	7.3730179909292026	3.0
-9.3822117865700054	7.5587428358228381	3.0
-10.4093194877226196	8.3678554374227350	3.0
-9.3038928875924878	5.4739077789166775	3.0
-8.8487364994090996	7.1907233466116836	3.0
-9.2916649339682866	5.5374606417800356	3.0
-9.2547427012786159	6.2997519094362042	3.0
-11.6543878253337407	5.6125385787285902	3.0
-9.9731383714782282	7.5439682975509958	3.0
-7.6635002416212306	6.8807700213629355	3.0
-8.1305421527272337	6.2257130519263022	3.0
-10.1913816294149715	5.9840897348793849	3.0
-7.8506004647358250	6.7458589824638446	3.0
-8.0388135006107326	5.0064871033852887	3.0
-10.5548218634423208	5.0181108718390144	3.0
-10.8760947478182199	6.5224796010909776	3.0
-9.4105860601770051	6.1976152665322255	3.0
-10.6493708462879013	7.0251408268791558	3.0
-10.4570374840856974	5.9756825257726716	3.0
-8.6848741888517491	8.4440268043747597	3.0
-9.6957416458656400	6.9794551316186588	3.0
-8.8880879885112751	6.7860827804598625	3.0
-10.3694179710097956	6.4768669165221411	3.0
-11.1318875475638350	5.9661475959987529	3.0
-9.3492060882844061	8.3305691566779014	3.0
-9.0574986428134014	7.7226720099460966	3.0
-9.3218041491496351	6.9957554899220327	3.0
-9.5270958492939446	5.7093294645978263	3.0
-10.3631410234698240	6.3833777354460359	3.0
-10.7311320838064947	5.2668933588372422	3.0
-8.5984897311754356	6.8650191561241041	3.0
-9.0491765237218953	6.8151880004005161	3.0
-9.7205954483143309	4.9324954677421173	3.0
-10.9675722971040663	6.6996148964034727	3.0
-8.7052829752615395	6.4191326601594954	3.0
-8.1338559576281249	6.8557414262718845	3.0
-9.5439307369105162	6.9968117459950392	3.0
-9.0304831894885460	6.3529060034607241	3.0
8.5956796895288772	-0.3451931610836571	4.0
8.3980942559573872	-2.6630837617256935	4.0
9.3986679562174018	-2.1266235006864416	4.0
7.5735966330943247	-1.0529787849877130	4.0
9.3177014819296389	-2.0493690500037904	4.0
10.4851495359376798	-2.0489193387931799	4.0
8.5816575091509648	-1.2878732636040346	4.0
9.6515156279068890	-0.7987936111901989	4.0
9.8000804084612483	-1.7904890001742644	4.0
8.7598758114091879	-1.8897300538104256	4.0
9.1906546338322226	-1.5431916282410567	4.0
11.3543567095640725	-1.1293907647574364	4.0
9.1049036183563832	-0.7414146828578058	4.0
8.8028683026850327	-1.6487138823384508	4.0
8.2943560745036464	-0.0754963379342901	4.0
7.3180383221247300	-1.4565397058910243	4.0
7.8902822396442556	-1.4086604081217355	4.0
8.9513852303089276	-0.5792967450191477	4.0
10.9334805862335607	-1.9194985625816363	4.0
8.6548261765622492	0.1774782571428844	4.0
9.6034012355941982	-0.6926394127144068	4.0
9.4796388825655189	-1.4758750649407888	4.0
10.2593775840457813	-0.3907794529315138	4.0
10.2825189954355736	-1.1883323298415118	4.0
8.2290218202000442	-1.8666941740372964	4.0
9.3233066150243307	-1.8165850119309457	4.0
9.5819915403147196	0.4748672442113809	4.0
10.5169424849120006	-1.8491304357793634	4.0
10.9827798621266517	-1.4945099645982112	4.0
8.3810031631959756	-2.9219321912594736	4.0
10.5640803847987144	-1.1090160303917662	4.0
8.8563715372902063	-0.5561499657048550	4.0
9.1400364063639650	-0.0907578572963481	4.0
7.5521016735375719	-0.5346312061709403	4.0
9.4203904129792200	-1.8299049639147373	4.0
8.0018124108094035	-0.8691484250800524	4.0
10.0005138984877107	-0.5075046614313037	4.0
8.0382101805864821	-1.9077417225056312	4.0
8.9917969868219831	0.0722330687995375	4.0
10.4927836321226344	-0.6220479696661710	4.0
7.6493352693983239	-1.9934939809094612	4.0
9.9535697825583540	-1.5106839639954615	4.0
9.5246187912602007	-2.3055572160341553	4.0
9.2277315600115664	-1.2713406972018388	4.0
8.5169069688241965	-1.2754019730568427	4.0
10.0478036283016205	-2.4035110824804784	4.0
10.1209470240059378	-2.1777606737308073	4.0
10.3599679285092066	-1.4361167957195953	4.0
8.6187726702126710	-1.4949856926315688	4.0
10.9480788030025167	-0.6024211877429586	4.0
10.3686486590705780	-1.1182311588876741	4.0
9.7882333070941190	-1.5153076179977718	4.0
8.6920041534931496	-0.8416316995215515	4.0
9.1266915800248736	-1.3101400935555485	4.0
7.7997153862830224	-1.7095221803840421	4.0
9.3912158654026499	-1.3401947697827963	4.0
10.2116391891888725	-1.8589775150935581	4.0
8.9334576403100723	-0.6813114523706307	4.0
9.5540774742083894	-2.2703403987642661	4.0
9.8603116930091108	-1.3015753706052684	4.0
9.0070236454187249	-2.3856144321153105	4.0
8.2126072354001689	0.2040892649843493	4.0
10.4654541945266288	-1.2834051430227478	4.0
9.3149524620097424	-0.5262801654585899	4.0
9.3011563438664382	-2.7163029547411117	4.0
10.2095113284512795	-2.7754570057681676	4.0
10.3240485763950662	-1.7995439408251666	4.0
9.8034412072610913	-1.3499301180178522	4.0
9.3432280276544706	-1.3919675420338171	4.0
9.9482233203173909	0.0624809899864421	4.0
9.4456141956385942	-0.3359752142452236	4.0
10.6312149771791411	-2.1226581605322692	4.0
9.4655557793770111	-0.5442534463478517	4.0
9.2667588045723512	-1.2365101950989308	4.0
8.0049192480897382	-2.0805011467253309	4.0
8.7210558719214220	-2.0983843629341146	4.0
8.6638246998513306	-0.8518703454889655	4.0
10.5316842713776992	-2.5569053772888197	4.0
9.0870474178659641	0.8334583182028794	4.0
7.9926093453476081	-0.7148566034126868	4.0
9.3888991223331750	-0.7841305580054448	4.0
8.9277843608906480	-1.4942124023612913	4.0
9.3589154287944538	-0.2480166829885689	4.0
10.0109876576181129	0.3624813124361912	4.0
7.7656653152838535	-0.3557350493387448	4.0
8.3717992234418741	-2.2272842085758424	4.0
9.9373321071542851	-2.9221683554712952	4.0
8.3376776279434459	-1.2780267016215920	4.0
10.7832574681494524	-0.4931778425086272	4.0
9.3060847178553150	-3.0620614817479495	4.0
9.1580868801121156	-0.8846421866129349	4.0
10.1481184733124632	-1.1796791768262445	4.0
8.7722483390935881	-1.8376958084613599	4.0
10.2531150521007550	-0.3650196095513734	4.0
9.5584657544749270	-0.7213789310745480	4.0
7.9169011360398009	-2.3434157297799199	4.0
9.3036840326313790	-1.8008436616414505	4.0
9.9605593091943874	0.0055253023060625	4.0
9.1657982032963794	-0.5795672663978825	4.0
10.9451451353297191	-2.1768303464550707	4.0
8.5187268571868682	-9.3181924941412291	5.0
6.9374419657579693	-10.4780538452726493	5.0
9.6340944029633828	-10.0119998139247262	5.0
7.5355299889815255	-9.8707413176465799	5.0
8.0393233168842073	-10.8803622226284649	5.0
8.6782420080629770	-10.4797310268035684	5.0
7.5475113465810315	-9.5615318735112229	5.0
9.6398233447193995	-11.1060354027139674	5.0
8.8096847312567892	-11.5332233621467299	5.0
8.1043766038923977	-10.0327101600065483	5.0
10.1745324390925713	-10.8079408644543467	5.0
6.4097705654537309	-11.7266154038597765	5.0
8.3043940074428093	-10.0929791847463406	5.0
9.3680237082583169	-9.9892438258192779	5.0
8.9595002940847053	-12.1560860352034332	5.0
7.2121432683924862	-9.9169393558538346	5.0
7.2768179928741796	-10.9395157155754337	5.0
8.6514190033448983	-9.3783666316766094	5.0
7.3034987635894080	-11.1691101089416218	5.0
8.1059923069832571	-10.2802839213035639	5.0
9.2203679992656618	-9.7906250628102001	5.0
9.6355183813219139	-11.2467688936892660	5.0
8.8334138227801589	-12.5097290240563925	5.0
9.9789199012536525	-10.9905122474793302	5.0
8.1618193442920024	-11.2145910376883826	5.0
7.8138111445148359	-10.3249497158066514	5.0
7.9888933519856220	-9.1977771082370445	5.0
8.6544839274316203	-11.4098468467449212	5.0
8.4780213195402041	-10.9578380378264093	5.0
7.9614827128698655	-10.5178143530723496	5.0
9.0462272394682763	-11.6296170619063126	5.0
7.2223618813154857	-11.7020360450142249	5.0
7.9129300572020718	-8.8821809560794591	5.0
7.9841310917904362	-11.9078963067494872	5.0
8.6303260552220351	-10.8329712007467656	5.0
6.5066331173450189	-10.6973594015103703	5.0
7.4285323381492114	-10.9153876929021170	5.0
9.4983689066596231	-10.0930634110426674	5.0
9.3190862290291427	-11.6785623823564624	5.0
8.3322347794047928	-10.7924636698429612	5.0
8.2265307820612676	-9.9448953863711651	5.0
6.7386558734363637	-9.6689366285192442	5.0
10.1379946228344462	-11.3790749762698731	5.0
8.3200208124264599	-9.9645818387394627	5.0
8.8333878404561332	-11.2561312080163614	5.0
6.3808670757659014	-10.6186968266710586	5.0
8.2360278547183441	-10.8595961102968381	5.0
7.9064448727947312	-11.3321724266664212	5.0
8.9274433089475611	-10.2269322770079363	5.0
8.6206417210385524	-10.4499807109015279	5.0
7.9924822303335894	-9.4088877698035187	5.0
8.8052905842136635	-9.6695265259968259	5.0
8.3583585799017222	-10.8654944296766214	5.0
7.3265410526754975	-12.3395057845631868	5.0
9.3121581515897400	-10.9328724907822714	5.0
8.2999985216810224	-11.6325316955862181	5.0
8.3588849760824733	-10.1886352950907284	5.0
7.7985599701144093	-12.0287887682448336	5.0
7.6745060722107228	-10.3324467774752726	5.0
7.0142018383077449	-11.1783062602827439	5.0
6.6988230695247211	-9.5787334275879665	5.0
8.8403347424999961	-9.6604476373419299	5.0
8.5509779596793170	-10.6135121400606387	5.0
7.2769318013016679	-10.2435644959352015	5.0
8.6929135087495073	-11.7607688771560817	5.0
10.4316101949120466	-10.6659730098111751	5.0
7.6376912331220366	-10.9784845591697842	5.0
8.0043251013651258	-11.5756241715578536	5.0
7.7491851408933510	-10.4665807342691188	5.0
8.0071712074090673	-10.0416449976206898	5.0
9.3471939124247800	-10.7163411959082868	5.0
8.1106695725973346	-8.8207307923817613	5.0
7.5998580003244163	-10.8393591477153741	5.0
8.7615806213502978	-11.1590444384141403	5.0
9.5954073695476989	-11.9899754098649005	5.0
8.4437959021773690	-10.1482960328406460	5.0
8.4750120364472998	-10.9964506757997551	5.0
8.9966187256145282	-9.2846070853698635	5.0
8.1760130038437850	-10.2243510527159849	5.0
8.1754511729251753	-11.6522661544607473	5.0
8.2350804217023459	-10.0041625221741839	5.0
9.2486500900738147	-10.8314706545014925	5.0
8.9811248836357365	-9.9826366119883509	5.0
7.7763658632463439	-11.2353745772331504	5.0
9.4826207913705183	-9.6800237410988412	5.0
7.5830698903916014	-11.6417806020813028	5.0
10.4640251820781476	-10.4361784716885282	5.0
7.8175370694513768	-11.7813726495380031	5.0
7.3933954313543877	-10.8810863486856455	5.0
8.8477370158559392	-11.8853702245269890	5.0
6.9119021195842363	-9.6360676456247507	5.0
9.0946117927635566	-8.8615306440255068	5.0
7.8663697320128501	-11.2536016133571994	5.0
9.0880263774348560	-10.7094945160541517	5.0
7.4432209508581897	-8.3769021596299869	5.0
9.3229189517170745	-11.3611912747330077	5.0
8.2123792321190283	-10.5917015201177644	5.0
9.0670182847332370	-10.3964060181777960	5.0
7.8698226032950984	-12.3381252437113496	5.0
6.8208599767591842	-11.3346720328111044	5.0
-0.8315742221583455	-9.3306791196363239	6.0
-2.3949460368187303	-7.7784491374209894	6.0
-0.3298033606489248	-8.2842192799209435	6.0
0.6169125927114408	-8.2821870877074968	6.0
-1.3505283322147479	-6.3120093604040939	6.0
-0.1333127263118698	-7.8076784367185086	6.0
-2.3356841412888101	-7.6903587372534590	6.0
0.3095366275007785	-7.9449904127907018	6.0
-2.0050212726669510	-8.4791099854940892	6.0
-0.9698875349698378	-8.5899123532263122	6.0
-1.5382740820456280	-8.9517874890788356	6.0
-1.5986205068286048	-6.5076194649758063	6.0
-0.4453013804609731	-7.7207538507552069	6.0
-2.0097578154892002	-7.6516013712217266	6.0
-2.5869949687836740	-8.8402080931230653	6.0
-0.2336563338986664	-9.4500639543163878	6.0
-1.6053316969881264	-7.4612418286656386	6.0
-1.2259292743352741	-9.3174424654670442	6.0
0.0536647020518912	-7.1423842052236530	6.0
-0.5472633037000180	-7.3627254430085314	6.0
-0.9882162368243740	-7.8638847740651796	6.0
-2.1791720890060469	-8.2301012930391071	6.0
-1.6534642776149888	-8.5240713785987570	6.0
-1.4757278607782807	-9.5162473947705823	6.0
-1.1143560503101482	-7.0935321841163708	6.0
-0.4416576593352310	-7.2769491243721269	6.0
0.6183255715275631	-7.2538738231059661	6.0
-0.1238726804609535	-7.9473721903770933	6.0
-1.3720999833902787	-7.6005063972178410	6.0
-0.1506551777435264	-8.2110347308035685	6.0
-0.7623918321525103	-7.9735906804500338	6.0
-1.0076621803398520	-8.4839654902585391	6.0
-0.7018354901442312	-8.0940529119478324	6.0
-1.5355321788736322	-8.7232820366816757	6.0
0.1539944664057617	-9.3154748052710001	6.0
-1.3728935446158914	-8.1565771911538221	6.0
-2.1210629532164127	-7.9304578574646927	6.0
-0.1631454538091028	-7.6865248732005673	6.0
-1.8584801724513251	-9.2445172825074931	6.0
-1.4414661674255931	-7.5120030933026394	6.0
-1.5280445565767060	-9.8400922076101072	6.0
-2.0292977747813143	-7.8480530299640217	6.0
-1.3815171761756895	-9.2891383407737571	6.0
-1.0022713888267993	-10.1847735702696802	6.0
-2.0895247592176229	-10.0209207027238385	6.0
-1.6220580611137310	-7.9748289644629207	6.0
-2.1976763149337839	-8.2496277655182979	6.0
-0.9404705792119193	-8.8182765558199510	6.0
-1.2656732216098763	-9.1854880947182949	6.0
-1.1933122376619711	-7.0092306428046625	6.0
0.0527382494238529	-8.9031888478651116	6.0
-0.3821676674760944	-8.3637251291109074	6.0
-0.8744640631201058	-9.0204873988070862	6.0
0.1600877222427257	-9.0887949938223471	6.0
-1.1788534245124669	-10.1472418093044432	6.0
-0.4934351747327406	-9.4608754696891708	6.0
-0.9992565918656611	-7.1297765520147252	6.0
-0.4964073791185221	-8.8136704568897546	6.0
-0.9406610256035595	-8.0712018380545381	6.0
-2.6292849675301464	-9.2237685777275420	6.0
-1.7698880934978738	-8.9330515316213841	6.0
-2.0567294110487655	-8.8598502367442364	6.0
-0.6506885851933446	-7.5411192790926060	6.0
-1.3973880790243438	-10.2191821311129960	6.0
-1.1550294517063913	-7.6077381909057573	6.0
-0.9725405491556546	-8.0633992080912051	6.0
-1.7421841882910547	-7.0549478948774906	6.0
-0.1541586312978225	-8.5989168763850934	6.0
0.1733228433784899	-6.2073952859640604	6.0
-2.7743453089356382	-7.8765095373414074	6.0
-0.5464287478110086	-8.1689442479250687	6.0
-1.6959050645926332	-8.0727071130624797	6.0
-0.9927444405123346	-8.4745415107962270	6.0
-0.8221539753236310	-9.8739129618772878	6.0
0.1130245846205930	-7.9096267030557632	6.0
-0.4385444454375331	-9.9752749194652512	6.0
-0.9273216866344655	-8.7263916736049207	6.0
-1.7430213549369549	-8.6186415375500758	6.0
-2.3244198477547440	-9.3350466970864350	6.0
0.9419800319833268	-8.2040287470866176	6.0
-1.2992524393938392	-8.5241279187543828	6.0
-0.4570956633703016	-7.9240449988721346	6.0
0.4460854426787695	-8.7114225824145475	6.0
0.6897304374845188	-8.9053370714907754	6.0
0.3564185480033818	-9.7899679325348909	6.0
-2.8640666949695830	-8.4136844528128201	6.0
-0.2492583162143228	-7.0079936957787119	6.0
-0.9548856840163182	-7.6155056028884234	6.0
-1.2919175984172950	-8.6774682936116694	6.0
-1.4628529584350052	-8.9880230432824764	6.0
-0.9528729621665674	-8.7424128494747588	6.0
-2.5266122751930196	-9.2395947101445692	6.0
-1.5435656703816945	-9.5531260598992169	6.0
-0.6024210011413494	-9.5434448540529431	6.0
-0.6900731674435289	-8.9439258490767717	6.0
-1.2753024842163672	-7.4665340945016299	6.0
-0.5153377743794189	-6.6687521021174252	6.0
-2.5345978637284925	-7.2119061836183347	6.0
-1.3776179619050621	-7.5989520281716745	6.0
0.8320949634590649	-7.8711917911011806	6.0
1.6493900642885286	2.2881739339539333	7.0
0.1351340915501738	0.8436811301966817	7.0
0.2998478868804432	-0.2211168408493335	7.0
-3.3294768846269243	1.3428271002016319	7.0
-0.4916950006583075	-1.3617248791552767	7.0
0.6305087001077652	4.1580534178335489	7.0
-0.5196874771123358	1.1204826244344634	7.0
2.0015121160360274	-1.0587854554301961	7.0
1.3562272327386251	0.7583397839733717	7.0
2.9752682144425338	0.9117029303061365	7.0
-0.0181876185219698	1.0400293770068010	7.0
-1.1421951965670416	0.6423168734355976	7.0
1.3035897847133386	3.1161830839765337	7.0
0.3318559544904073	2.9028364186760229	7.0
-0.3938295695616744	0.1891655357087258	7.0
-2.1219370167280549	0.3326516153650240	7.0
-0.8874803254757722	-0.2951868804600521	7.0
-1.1465802880831228	0.6599611277147803	7.0
-1.4913376559793585	0.4356454497250298	7.0
0.0384935099548307	1.2080824865756741	7.0
1.3098433641876004	3.0552966802962227	7.0
-0.5283451678082280	1.4757985384442533	7.0
-0.0429857381653679	4.7152575711844129	7.0
-1.0131097842587378	1.7738096686121867	7.0
0.8245345873335274	3.1818944755298180	7.0
-0.7541418429632292	-0.0067256741429052	7.0
0.0657271955338661	3.1336592816985585	7.0
-1.3520220399310545	0.9901668809944725	7.0
1.0027369634053704	2.0126996769328325	7.0
0.2624905065017471	-0.2357436269846536	7.0
0.7099301781005675	-1.6810781441605045	7.0
-0.5780833755634437	1.3882625432149092	7.0
1.3874990318247502	0.1886456567854882	7.0
0.5428348486074210	-0.2041560530798560	7.0
-2.7817117894234729	1.6917494415014087	7.0
1.9236555942404245	1.3466150400020827	7.0
0.7773166522095581	0.0123996474025383	7.0
-1.2604443907868235	1.7269152949235138	7.0
-1.5358980053957065	2.7687390980934059	7.0
-2.7355131230429315	0.2689250635749665	7.0
-1.5528902414571291	4.9308059238846731	7.0
0.5031668267085779	2.1039399001371248	7.0
-0.3119345591850023	-2.0307099838988600	7.0
-2.1931667035406961	1.3015715530504490	7.0
0.4607602984642399	-1.2891568221399108	7.0
-0.9156689159881917	0.0002317370510901	7.0
-3.4351558901757473	-0.5571171472457045	7.0
-1.4424010199885497	-0.7965526570405314	7.0
-2.2768775349465704	2.1022418291099028	7.0
-0.4002749276763484	3.1735906171886183	7.0
1.4248371362113157	1.9781163934125476	7.0
-0.5895052221646021	3.2021321274751258	7.0
1.8717268099347339	2.9969559696135053	7.0
-4.0046470308658870	1.1791481126900154	7.0
-1.2907106026891120	-0.1053634719121007	7.0
0.4520104236294605	1.9378925460050020	7.0
-0.2317285751034817	-0.2134883402392228	7.0
-0.5591291904516242	0.1314207030670907	7.0
0.9817530443556752	0.2468929737510628	7.0
-0.0760840975279086	2.6523688862491928	7.0
-0.6718872549127762	3.6397515673874290	7.0
-1.5065422890719187	0.5219733523611770	7.0
2.0180874597727554	1.8213966892531748	7.0
2.3033933420306631	0.1652744024227011	7.0
-2.3537442758912670	-1.4630421073022670	7.0
-2.8945916510811815	-0.5548982302165290	7.0
-0.9025964715398241	-0.2006361083191374	7.0
-1.7194472389199231	1.9257326732301243	7.0
-0.2794926525053441	0.5756713714739110	7.0
-2.0365743896519310	0.8660543365948103	7.0
-1.9520225587002769	0.7778186947830985	7.0
-0.1406335783521472	1.5073788677194775	7.0
-3.1728679277622343	3.9612990189334107	7.0
-2.5723102360337156	0.9704703132779561	7.0
1.4784980282262157	-0.7219537992604009	7.0
-1.0123028702226693	1.4877675441128320	7.0
2.6817260677750716	2.5708889946934721	7.0
-1.3609438719613849	2.1830137329915393	7.0
0.4190649344657552	2.8913558881729906	7.0
0.8100813973426942	1.0744450666927341	7.0
-2.3031259653394369	2.0751259493449252	7.0
0.7602007306259317	4.1482070794212413	7.0
-1.4473831454035937	3.8845751655208209	7.0
0.8448938448825486	2.1540441489989282	7.0
-2.7839081431611614	0.9066978619618360	7.0
-0.3243305826930734	3.7876066864685347	7.0
1.7348564348665541	1.0348242313545446	7.0
2.1400653932465445	3.2596656019938544	7.0
-1.2588949381983459	1.1647625694053845	7.0
-1.7913633834230065	2.9957775477191957	7.0
-0.0871837326495243	1.8067301189921745	7.0
-1.8928303422975958	1.9618606063079742	7.0
-0.1205957705158425	-0.0390769901839852	7.0
0.9694112928286688	2.4374320694298128	7.0
-1.6247150255618446	0.3120836214961381	7.0
0.4762896508180476	-0.6786030385924340	7.0
-1.3150735470818258	-1.3738149734573302	7.0
-2.1842293712540490	-1.2554135686662753	7.0
2.0468193994137849	1.9446855539616026	7.0
-0.2370504262183892	0.6690709271157290	7.0
-0.1719852919305399	1.0446532757195304	8.0
-1.6817663956091344	1.4155054335298511	8.0
0.9436770872524420	3.1346181549345205	8.0
-0.7887452828938246	1.8997424463491359	8.0
1.6220533383374198	3.7400120802085377	8.0
0.6660809061878418	-1.5792365308939991	8.0
-0.3448436440993971	1.7450765056018598	8.0
-0.9898582974238840	-0.6595352520084043	8.0
-1.7802762650942436	0.1818790694312556	8.0
0.3942255814931914	0.3469575136426650	8.0
1.3756676459132049	0.4012002179650771	8.0
0.9171429603031245	0.7544975633046326	8.0
-3.2786204371988346	3.1915089583809824	8.0
1.3713910684446109	-0.1568413607376953	8.0
1.5259664541263656	2.4850349520765889	8.0
-2.3853007747792505	1.5838613590774879	8.0
-3.1822273593958057	2.3880288820929403	8.0
0.3896407882661049	2.0961525424690470	8.0
0.5347128339184568	1.0235003995205649	8.0
-0.4781512598202279	1.6806809166048891	8.0
-0.6316430125262406	0.4137396493048892	8.0
-0.5561120325080009	2.2262787932143704	8.0
0.2948630404480830	2.7439352728214845	8.0
-1.7445631563310364	1.7328343547646425	8.0
1.2588446549729551	0.9439064566888978	8.0
2.2120383075650261	1.2448598764701759	8.0
-1.2243041904308438	-2.1429218499956630	8.0
-1.5535555258409182	2.5934663727559584	8.0
-1.5016150357037188	1.9890894959131524	8.0
-1.6412356035620019	1.1605386707927685	8.0
-1.5514700566922015	3.5691323482388082	8.0
-2.5538856616695957	2.0142081157204679	8.0
0.6888684887003766	0.9797040311405767	8.0
-0.9889688568814605	2.4058539288101155	8.0
-2.3376136207764953	0.7403809257681812	8.0
-0.2544690249225385	2.0821490810452730	8.0
1.9902298129858871	0.1429171664204208	8.0
-0.4463444095793739	2.0570386450996607	8.0
0.4380405785025943	3.5005254130243380	8.0
-2.1489097636358827	-0.2271308649322825	8.0
-3.6309764541368001	0.7041224813195424	8.0
1.1530218849673743	-0.5996170034302191	8.0
-0.1420392672311118	1.9041724361810761	8.0
1.1315619919944062	-2.1026818675760066	8.0
-0.2162159303061002	4.2923228139754981	8.0
-0.9603741656388126	2.3019052032096750	8.0
-0.9226155920087566	2.4176730984349852	8.0
0.5344963826860649	2.3606645306398799	8.0
-2.6253332720892253	1.3833280744334939	8.0
-1.3914930394379366	3.3935726621549587	8.0
-1.7983452563408093	-0.6493749281576493	8.0
3.1373922038936652	0.7197319683312565	8.0
1.5482188179326959	3.9522460660733789	8.0
-2.3183094354989096	3.7735613620390875	8.0
-0.9569767800405921	-0.6964556718028105	8.0
-1.1378410166405841	1.2145144157178893	8.0
-1.3517695826892902	3.0980648183211543	8.0
-0.0926239922508402	3.9209550105762845	8.0
-0.2193636811279247	2.0156529766363547	8.0
-1.3423701443369593	-0.4422089499921262	8.0
3.0436723147659035	2.7932903464673045	8.0
0.0227067150105749	1.5560921244523793	8.0
0.4631278210635233	1.3071692668123982	8.0
-0.7855115116563626	0.4574506340771009	8.0
-0.1736701604462859	2.6779891688750830	8.0
2.6693682277962330	-0.3187885705317008	8.0
-1.9190658543973358	-0.0738639391460845	8.0
-0.9910899935570429	1.1354618278746957	8.0
0.6238838635156260	0.3674398150031745	8.0
-1.7819651076536867	1.7386196740143927	8.0
-0.0842086410093176	0.8367340364443324	8.0
-2.9799081710234345	2.8212411225677569	8.0
0.1593248956829407	2.9387420887532927	8.0
-3.5987360702214537	1.9129063437536213	8.0
0.7132242645299547	1.6422280721555662	8.0
-1.6723894093038751	-0.7684030402094931	8.0
0.3287402320007179	0.7977994648502769	8.0
-2.3827383030627201	-0.5719357323447987	8.0
-2.6342091749790448	3.0461787414606962	8.0
1.1496398584857186	1.4521133277962444	8.0
-0.4056322779733035	-0.5547109214776884	8.0
-1.0268202052008506	2.9091275817560858	8.0
-0.8548947049544207	0.7579850148133509	8.0
-0.7019058650091552	0.9844735437484684	8.0
1.0970145264087130	1.7502935780849431	8.0
0.8502188948109649	-0.0151540978453669	8.0
-0.4219321762898976	-0.9320967088802281	8.0
-1.9665767840366577	2.6412622025154118	8.0
-0.6326151117618580	0.4873503205804419	8.0
-0.2162599789975368	2.1705567086707624	8.0
-0.2740380449403898	-1.4502253110436842	8.0
-0.9188034832163172	4.1488278883358944	8.0
0.4290343255437212	-0.7322943260822851	8.0
-1.5906073217512653	0.9298396244199854	8.0
1.0454860583708272	1.7640899476885348	8.0
0.3498298146297447	-1.3825034820862685	8.0
2.8028627187478277	1.7586163619857273	8.0
-1.4152930544140168	-1.6785730465355153	8.0
-2.0109450387021464	2.5338585088766412	8.0
-3.5313409373003126	0.0925982112620491	8.0
-15.0212567554428205	-11.8078519535261393	9.0
-14.8882718259864220	-12.4735772235895030	9.0
-16.7296190931417748	-12.3862792494462965	9.0
-15.7723283974118811	-12.3403075204043038	9.0
16.9296295461636213	3.8275614624658809	9.0
-15.4267351041733782	-13.0429001726850995	9.0
17.9577371996636295	4.1778786379123956	9.0
-15.7566532518269860	-12.9893733635835140	9.0
-16.2488744103027365	-12.3639398585488092	9.0
17.3896558421019343	4.0307684995317530	9.0
-16.2715639002373891	-12.7618190719399056	9.0
16.8469597557969450	4.1164883580918552	9.0
16.5445848292092563	4.4012597513879719	9.0
-16.5325716338779465	-12.4915710542031260	9.0
16.9108205397151856	3.8249902524986594	9.0
-16.1098298242805917	-12.1341711377583028	9.0
16.8338436295816543	3.7602432125816705	9.0
-16.4674761111823216	-11.2706957733564330	9.0
-16.3338753144461428	-11.7527634055019643	9.0
-15.5411133670172781	-11.6837250583553978	9.0
-16.3864145601520761	-12.3590885288158265	9.0
-15.4186222883878088	-11.5223158183001217	9.0
17.5767077654434907	4.1804918493304637	9.0
17.6321704003049327	4.0586345043953020	9.0
-16.0590549124941049	-12.8043329625079565	9.0
-15.3244695856798536	-13.0577644812388041	9.0
16.6834709123606864	3.3354182183872210	9.0
17.4793296088849637	3.8482035077485284	9.0
-16.6498978212318640	-12.2917929562686759	9.0
-15.6470814292362128	-12.3748236836194128	9.0
17.0592319605004121	4.0907984489933211	9.0
16.7534370584245309	3.9038003599665143	9.0
-15.6809007828207836	-11.8197408220788578	9.0
-15.6540164476881287	-12.6766501346556968	9.0
-16.1124380013828628	-12.2933855376624432	9.0
-15.7862735891893706	-12.4975417269238545	9.0
17.3415074424904176	4.2573954451946143	9.0
-16.0979040900917951	-11.6020670269438231	9.0
17.4572993994351968	3.8674070800310321	9.0
16.8327225920228933	4.1858571797422597	9.0
-15.4123768973289401	-12.1295802056116013	9.0
16.9253458373222969	4.3152028816366412	9.0
17.0478970699279913	3.9106300801705780	9.0
17.5018846173661977	4.6348947376727478	9.0
-16.4596638043401988	-13.2845587568766010	9.0
-16.9626406662928026	-12.6816069436035814	9.0
17.4244615359902504	3.8315221351104993	9.0
-16.1088955236694069	-12.1969896368685990	9.0
-15.6530043967697043	-11.4116597639138053	9.0
-16.7154860937344303	-11.7659002947677553	9.0
-15.7467690816591741	-12.9205983994215607	9.0
-14.6531183094887645	-12.2419313666215821	9.0
-16.4422667559600484	-11.6785522982338872	9.0
-15.3946648748842421	-12.8565317263240715	9.0
16.9395298873152811	4.3931155525560754	9.0
-14.8002509760959899	-13.2647117240714927	9.0
-16.7429221183256622	-12.1217986581722350	9.0
-15.1221272247586143	-12.3649248360762822	9.0
17.2719826047720559	3.9677317086607684	9.0
17.2548518753657270	4.1066811509018812	9.0
-15.6914994693147349	-12.7608593814010725	9.0
17.1007745231392576	4.0996483235371839	9.0
17.3298797910430871	3.9560972709083115	9.0
-16.7672452603189797	-12.8096361891514121	9.0
16.7517893168571987	3.6386148340600437	9.0
-15.4621224033481077	-12.2712310759405447	9.0
17.1325209795565421	4.1614404788341570	9.0
-15.6386951156689840	-12.0816588484037339	9.0
-15.2060407996781262	-12.4150004373455367	9.0
-16.5469470545742929	-12.5276823079585071	9.0
17.7539763027170387	4.3221542590069548	9.0
-15.2047227928568329	-11.9803138196166792	9.0
-15.0291723023612906	-12.9227927948583812	9.0
17.3363081710750606	4.5938088294248738	9.0
17.0914881015616693	3.7429957944990733	9.0
16.8047630901140117	3.7388819867050493	9.0
-15.6306645186701498	-12.5178615951377914	9.0
-15.9212293664462035	-13.1349867951994916	9.0
-15.8842988303113568	-12.1083249508116779	9.0
17.1284159003812775	4.1900556755516476	9.0
-15.2433052926766290	-11.4619900139754112	9.0
-16.0015099580419431	-12.4045449847697906	9.0
-16.6610843516002625	-12.9237526943090106	9.0
-16.5033452778255807	-11.8216542324558169	9.0
-15.7177836971506775	-12.2002287314164661	9.0
16.8113172977858873	4.5546092178867985	9.0
17.5571336056718224	4.1745011425772693	9.0
-15.4566465703752947	-11.7761919260701902	9.0
-15.8727239416394017	-12.2382401287547822	9.0
-15.5857109671241023	-12.3410834257839497	9.0
-15.8850540130978910	-12.4186722528583822	9.0
-16.0114417545880556	-13.1215749663995336	9.0
-15.9555513035717631	-11.1315301460465435	9.0
17.4557797884560557	3.6399485069708777	9.0
17.8537193642765111	3.5759874004557695	9.0
-16.3644171309128659	-13.0320189230757641	9.0
-15.6335652133118419	-12.0139376726356293	9.0
-16.5175615212414080	-11.9358129079920712	9.0
17.0777249878464019	3.6316696354204652	9.0
-16.0955341588059859	-12.5933826111376241	9.0
