2.3854631479752930	14.9792409291761039	0.0
4.6183430806515773	14.5495111901280687	0.0
5.4547332273021052	14.2698310259312144	0.0
3.8765045241134435	14.0685519829464489	0.0
4.9129597401381764	13.2724965696246109	0.0
6.3860278664309860	13.2751842768526593	0.0
3.9308396308796212	12.2440830058172523	0.0
5.3437027212386905	14.4048587468576255	0.0
2.3041213240150453	12.2783859242688802	0.0
4.5337527368412216	10.7744844402784228	0.0
6.5546592430818729	12.3034937746209945	0.0
4.8813078935038661	12.3219641558172235	0.0
4.1915388321361879	12.8062446786803061	0.0
4.0570891101374054	12.8116031618152846	0.0
7.5020377839764310	15.3514787689629770	0.0
6.4967741183182426	14.1353052609338725	0.0
4.3289215523473441	9.5490041637642999	0.0
5.4604605819058865	14.1771678541803450	0.0
5.3627799858587988	13.0183758624241843	0.0
4.3915561393290679	11.4420917355744027	0.0
8.8107961987002703	11.5128350397247186	0.0
5.0151757562330452	14.2799519816382077	0.0
4.5350788754065361	13.1424086981333392	0.0
6.4220906026917399	9.7937647259311706	0.0
6.3310869283815379	13.4647141255748846	0.0
4.0928162204234910	5.6835912035566718	0.0
6.2721223975570100	11.2218179664252968	0.0
6.3762364633940454	14.0780842579219954	0.0
4.2699569222444875	12.9620706497406317	0.0
3.0161798944154383	12.4809454993840792	0.0
3.7178327719883506	13.4665544400510822	0.0
3.6779841442549870	15.3874611653328515	0.0
6.9170173629380489	14.8526479863070779	0.0
3.6522085106069895	14.6427510161953673	0.0
4.7742177081397239	12.4157837829437430	0.0
3.1255515704001535	11.4556754425729750	0.0
4.6607147016224273	13.4964337281945586	0.0
4.0813793023597107	15.2811595827785869	0.0
2.8167136655260290	12.4788139763257480	0.0
1.6516420515838288	14.4988036269103269	0.0
5.7156013407995063	13.7478433494499157	0.0
3.7121360082000963	11.8059375199538437	0.0
4.4749126224727069	12.4335587205851628	0.0
5.6567832031664036	11.7292756853865665	0.0
3.0068923409929811	13.7916052838595409	0.0
5.4652281952595345	13.8772217042307933	0.0
3.8335195390995094	14.1363404325749720	0.0
5.3283780461490124	13.7883044016617582	0.0
6.5038534421756404	14.5720570097607922	0.0
3.1008271718136196	13.9524234324285086	0.0
4.2684905105473039	13.6101034876400675	0.0
6.1114227108991788	10.0855868537142079	0.0
4.4280453038496539	11.6752062603189390	0.0
7.4880913179496611	11.3339997054119781	0.0
4.8952567707708772	12.5855098224101472	0.0
6.3609002480045289	11.2397234087167082	0.0
4.1208284496670986	13.4854614498943253	0.0
3.9223257802427316	13.9059935703176407	0.0
6.2075999222225455	12.8203659588905197	0.0
2.8293621169001053	12.8908586025046361	0.0
2.9772253210558670	13.3075241256185528	0.0
4.6935912044380368	14.1423711657571172	0.0
4.3672954058857076	14.7383497809303208	0.0
3.7571097339732207	15.2819324786522266	0.0
2.6238668169355814	12.6815282632087936	0.0
4.0267091385772833	15.3781002931813813	0.0
5.4043529548729072	12.7738080478840299	0.0
7.5124362957407378	13.5166133498401333	0.0
5.5627180328154706	13.0261796157196379	0.0
4.7467008071555181	13.4258381868545982	0.0
5.4954790184130529	14.4293759128999124	0.0
6.1002332662269856	14.1877985602147287	0.0
4.9683165940898002	10.4576978088601393	0.0
5.8556651933670461	15.5681882330520143	0.0
4.6355667689047282	13.4064489259831223	0.0
4.6847439874697718	13.7085278965781416	0.0
4.7419381820763755	13.8048017896462110	0.0
5.2739385055704169	12.8859593329142132	0.0
5.6155593297138005	14.8462497688058690	0.0
3.5836805726411987	13.4886345010725108	0.0
5.8627465411030304	14.8193417882132525	0.0
4.4147153472260374	11.0671355138555381	0.0
4.3120416318909420	13.2164464650237203	0.0
3.2309494625675335	12.8212309195205272	0.0
5.9240165025796925	12.2037089583013572	0.0
5.2681991471730409	14.4143410524586937	0.0
4.9732887072091101	11.4751350731581727	0.0
6.4048340564881894	13.2005084567320612	0.0
6.9350409396084025	13.4072718070217043	0.0
6.9195293687455788	14.9354930963366623	0.0
5.4338813869260187	14.8838838178935138	0.0
6.4741228248890801	12.2358442953123276	0.0
5.1422475732383530	14.9268498208363134	0.0
4.3931565616278556	12.0197023713671260	0.0
3.6811564017737348	12.5074890512178492	0.0
5.7269324676097941	12.2865770998926838	0.0
5.0680295293598085	12.5038604957824973	0.0
7.1406257141087819	11.7011655361458384	0.0
5.6760173934523124	11.9452835243922930	0.0
4.6970079409298302	12.4103240518867199	0.0
13.7268365789315308	-9.6716722939255799	1.0
12.7987828283732004	-13.8346931530495922	1.0
12.0957589772821379	-13.3930709839473803	1.0
13.1361838395239907	-10.5819708712372993	1.0
13.9086539630050634	-10.6227577644293234	1.0
14.2542866989838153	-10.5968372251285761	1.0
14.1526246317500703	-10.0283720114267823	1.0
15.1349417370460610	-10.3243663867119047	1.0
13.9635204058382527	-11.3325434180623059	1.0
13.9774026296024036	-10.2366643746648354	1.0
12.7260492027305521	-11.5780557500548209	1.0
12.0420999469159060	-14.4181709620195715	1.0
15.3256149852076842	-11.7966539092246272	1.0
12.4407215706006280	-11.9161489921690027	1.0
11.9417987547262534	-10.6531245316372249	1.0
9.9424787705530644	-16.1555276643986225	1.0
14.8993978485404082	-12.6132521350058369	1.0
14.7449765933517316	-13.5108054205630417	1.0
13.5127188909438356	-10.5952427532649160	1.0
12.8766894086947463	-13.8398789142433731	1.0
16.1428634947044394	-11.4587695591504062	1.0
15.1649609015043687	-13.4923505956248171	1.0
10.5441632637556353	-9.1835981777550746	1.0
13.8396804810458178	-11.9226282023680614	1.0
14.4093158923448339	-9.4593192919579856	1.0
13.2236463067305987	-12.8471418768171723	1.0
15.2141348038311151	-11.7413886257493250	1.0
13.8877452566453101	-8.6067540926129578	1.0
13.3497223051643683	-9.4462542968888830	1.0
13.4505314499721020	-11.6007885553757646	1.0
11.6248213882653282	-10.8207911201461009	1.0
12.7041125748508570	-12.0198249144383560	1.0
15.2113696566314864	-11.7294360632560668	1.0
14.3278890907625982	-9.4005163466933492	1.0
13.0708373867899343	-12.3812124054465649	1.0
13.2878867433672578	-11.7032901368859790	1.0
13.3384462484307580	-11.1249273832015625	1.0
13.5037254607329018	-10.5677124175867156	1.0
13.6023439072547383	-11.0120402247640925	1.0
14.0746341647154125	-10.3517117326874644	1.0
13.4846878265239010	-12.6227465366959368	1.0
12.4273287449412120	-11.3441676442386825	1.0
14.5267116084119401	-11.8255427856365962	1.0
13.8572970097760191	-10.5637313721309454	1.0
12.6040331041788676	-9.0832336894786732	1.0
12.3761631940980354	-11.5062632841895578	1.0
12.1847113853452651	-10.8598293778322557	1.0
13.3399766843459862	-9.9736013887546786	1.0
16.1817209252723622	-11.5360816418227259	1.0
14.7315860346704532	-11.1815198388394634	1.0
13.3220422762246713	-12.0735151350950680	1.0
15.2535218253359481	-13.6780298997641143	1.0
11.2905887427181959	-6.7813807232117407	1.0
12.5585568741735027	-12.2600909959525985	1.0
11.2110925897230427	-11.7584457887715352	1.0
13.0101769315612064	-11.8609124511548689	1.0
13.3120662179214673	-13.2444432137232617	1.0
12.1933538000321828	-11.6556943742559422	1.0
15.0320066506500343	-9.1112161312314370	1.0
13.1352480059561145	-10.4886876210195226	1.0
12.4566813151928990	-11.4460875889781466	1.0
12.2738634597922527	-10.1324125555666971	1.0
13.1046037808573885	-9.7816810665180292	1.0
11.9050266444065436	-10.4082068821175433	1.0
13.8348825414460244	-10.7194136075960298	1.0
13.1019324854856034	-11.5656974946272069	1.0
14.7148440665518390	-9.8967591206403362	1.0
13.8422817845335171	-13.5791362402795190	1.0
11.5237086067989161	-7.9886486684291098	1.0
12.9865766445301478	-8.7123560764086694	1.0
12.1959485580254086	-12.2767470714176596	1.0
14.7934978690825361	-11.8687544420247821	1.0
12.2667041832300345	-10.4396472284752573	1.0
12.8208589791072463	-13.0256087047156974	1.0
11.3673883092620152	-9.2066786691866920	1.0
14.6251724676397448	-11.2517141707162835	1.0
13.4838712254723045	-10.7183817572755888	1.0
14.7830265858315695	-13.3851427644989620	1.0
14.3747760549230215	-11.9717716333331001	1.0
11.2818401303878133	-3.4932802249322035	1.0
14.5801870952044759	-13.8888591862747486	1.0
14.3662853644572852	-12.1934911098791705	1.0
14.7650973658966720	-11.1762592067812196	1.0
14.2252159028525540	-11.8978866810548478	1.0
13.3783951386769218	-13.1886532507355856	1.0
13.2744801866789857	-12.6903078897605841	1.0
14.3310368081627715	-9.9756516867334266	1.0
13.7049961148633290	-12.0886945692598999	1.0
12.5888250841427354	-11.5075710403973304	1.0
13.4190143746158839	-11.0818238059176934	1.0
13.9410827146484504	-10.2381046443721662	1.0
12.4358032606858782	-12.3880926389605097	1.0
13.9560958200484233	-12.2300685266282940	1.0
12.7061010433264734	-13.8855105358877058	1.0
12.6746556621236373	-9.7520488317007050	1.0
9.2051770225887335	-6.9685509250057187	1.0
11.8609028735383006	-12.4478566515290563	1.0
13.2418048487871260	-9.6073806846670475	1.0
10.9091369679984069	-13.9697509573751084	1.0
13.8039587968819344	-8.2534583442520724	1.0
3.0120305488203925	5.7250706145803569	2.0
2.3223914370692778	6.1027141971956915	2.0
2.0608054138851548	3.7422867205690320	2.0
-1.3830838227910709	5.2441429137675666	2.0
1.1863044479164311	3.4157761423891420	2.0
0.9803059526645200	3.9387200670287692	2.0
2.7793664430093767	4.1347303122071732	2.0
0.2233603977323852	5.1708370439972375	2.0
0.9122658413885368	4.8564431863558406	2.0
0.1616764926041983	4.8064273294952100	2.0
4.7304219328651111	3.7685638998204078	2.0
0.2461513692735423	5.9448546370628863	2.0
2.9877910487084778	4.4124085297944333	2.0
1.3577188281446857	1.8903660016633779	2.0
2.2554956444813925	6.5473809833829320	2.0
1.8838412716262474	4.6549025360876328	2.0
2.7663630496410367	4.0072116680546541	2.0
1.0785095994665288	5.2392271255708236	2.0
1.3022040680526519	4.9958106861844183	2.0
0.6211664521547773	6.4622430689068038	2.0
1.3164600767094143	6.4664632019003800	2.0
1.0402031349802074	5.8683378771318058	2.0
2.4153465080863614	5.8312962548076896	2.0
1.9857072105761677	7.2375162514217761	2.0
0.8000416212128526	5.9152463290398609	2.0
0.6364116732728687	4.1908646692252844	2.0
2.2525501378835897	3.1797687881880123	2.0
4.1747543641002167	5.3152542572722430	2.0
4.0015080804166416	6.6622082397377049	2.0
1.5932340971748888	5.0934877319443750	2.0
1.6000023055490984	3.4950868177914094	2.0
0.3489408560531353	5.0909741605049765	2.0
1.6663144728106802	5.0684798060603375	2.0
2.8153228861958466	5.0826691371814574	2.0
1.8571632495308521	4.6853049641236648	2.0
3.0932369603820238	5.9875577683414614	2.0
1.8147154619172468	4.9984107402962632	2.0
1.2829037970210122	3.0659601241255294	2.0
2.0797174323548542	3.9037968292833871	2.0
2.5968597020932624	5.2659987772403536	2.0
2.6012005515342915	5.9222601756537872	2.0
2.2397769953373383	6.3826441857919169	2.0
1.8562585817889299	6.6467859186647678	2.0
0.5813623282184777	4.8492695606478762	2.0
-2.7716518109200941	6.9446429723529057	2.0
0.5760840696702491	5.5908026501659336	2.0
0.7023412316652614	3.2703594751331422	2.0
2.9695940846833553	4.6475590880618141	2.0
-0.2903509690560790	5.7353107908340828	2.0
1.7877739580533922	5.3173039028728653	2.0
0.8731507605150840	6.9123479454757435	2.0
2.4940214886947452	6.6540079209749647	2.0
12.0533327703128208	-8.0897652889854186	2.0
4.0964552418466154	4.3026225829415301	2.0
2.4642357632534844	5.1281430914283854	2.0
1.1127016735563608	3.9740234242744079	2.0
0.5581154460477090	5.0885217066682067	2.0
-0.1433290214700699	3.6537066384474799	2.0
1.3181967612849219	4.3803570654283401	2.0
0.5328783464084138	5.5718264888446196	2.0
4.3685504691248376	0.4846556265594196	2.0
2.2391534567886429	4.9418865530469480	2.0
1.6333297554018478	7.0656758117850131	2.0
0.8556744416739649	4.4329237541592805	2.0
2.0905520869342120	4.6814063989311032	2.0
-0.0881625735870117	3.8946140074227138	2.0
2.2714667567912792	6.3522477162812470	2.0
-0.0428164231772688	4.5750343099099453	2.0
0.1328715376190001	8.7059682565985117	2.0
1.1079154149712320	5.5383127751431607	2.0
1.2576839585925219	5.4358884895242232	2.0
2.6151665383536211	4.3339715808448185	2.0
-1.8183883359590949	3.0302652229504856	2.0
0.7118405500160069	4.5443450848177758	2.0
0.2424924863499205	5.8653787347488722	2.0
1.5216688928251785	5.1401470825581494	2.0
1.3775638039745199	6.1559098787234436	2.0
1.9174483644568032	5.9363473711539099	2.0
1.1684348704526208	5.4329107858697068	2.0
0.2629987204054149	3.3655898674278188	2.0
1.7114608064424925	-2.2159273591876110	2.0
0.6628258632983123	6.8076876872168848	2.0
3.6061702920824934	5.7533923022394076	2.0
1.3566129896492127	3.3791816931191652	2.0
1.8564426564504803	5.9296996744680222	2.0
2.2351158595046532	5.7574214364633161	2.0
0.9947882261115454	5.8518399184166698	2.0
-0.9274386354952753	3.0144452741709000	2.0
1.7022740287847822	5.1676112487864563	2.0
2.5350078423236626	5.3545169652226949	2.0
1.9254149598603876	4.0873821948342028	2.0
0.8132667192098201	4.2276007361313432	2.0
0.9745458821207486	5.2150540509600170	2.0
2.2911025536760010	5.2718839026825801	2.0
1.4530360377638027	3.8375463026326049	2.0
1.0366658688158408	4.9302683418154913	2.0
2.5068011651091897	4.1683332841518768	2.0
2.6684426641000010	2.8252520134954455	2.0
3.3067510684144907	5.4470100845055640	2.0
1.5871151762323461	3.4768755421314435	2.0
-9.0404547061945042	-2.3536212269639440	3.0
-8.0531129981183955	-4.1526739119978506	3.0
-8.2356090467396488	-1.7687051506514855	3.0
-7.3542059694886550	-4.3037184216685409	3.0
-7.7702242510299957	-3.9556536265413755	3.0
-10.5468087318309074	-4.9547180590170710	3.0
-9.7003020970300309	-3.1391332655355515	3.0
-0.7229583277882731	1.7691980995638159	3.0
-8.2076230020097771	-2.2646050763915433	3.0
-7.4641656084006360	-2.7072930990736985	3.0
-8.3455269343781566	-3.6056241862650342	3.0
-7.8840285197341391	-3.7081619933424621	3.0
-7.0194538026558417	-2.5152601802705683	3.0
4.2799040414798490	9.1420207356415855	3.0
-9.2386345687658036	-4.2196766888911155	3.0
-8.0764561515725379	-3.6275268201926121	3.0
-10.0719189374601168	-4.2223724581945721	3.0
-7.3170976208910981	-5.2758070462241644	3.0
-8.5637948619733386	-3.9619049627187675	3.0
-8.3315265452057652	-4.8745790663183639	3.0
-8.4911559778745573	-3.4623219356223096	3.0
-7.1005717458620801	-4.3474709296673648	3.0
-8.8016455219846659	-5.0948868487713819	3.0
-6.6440961794654889	-4.1795222071540303	3.0
-8.4080203464952099	-6.1750197825479516	3.0
-7.0938032957365511	-3.9185273111490821	3.0
-9.6428569354362352	-3.8740563891580013	3.0
-10.0997836336818843	-5.2405954218957804	3.0
-10.4179748986554017	-1.6593208153915784	3.0
-8.2181746870624224	-4.9446985523267699	3.0
-9.9278300793367773	-3.3739060559910938	3.0
11.6842593640843173	-8.8811469244211398	3.0
-8.9763089346567764	-4.8104164990665579	3.0
-7.3849646368815822	-2.6958585518506153	3.0
-9.2836290785603364	-2.8089379550605171	3.0
-10.2965731152787381	-3.2368455728423569	3.0
-10.1560963789425838	-3.2764721222722897	3.0
-8.5152286173588383	-3.5678088989128733	3.0
-8.5803698311654237	-2.3902007533895486	3.0
-10.3682576417363190	-3.5980560130300234	3.0
-8.7545943684438363	-2.3466341556428754	3.0
-10.0223582229762940	-4.3879822612048622	3.0
-7.7500792616766505	-4.0513015602994500	3.0
-2.7659141367582136	-5.0592966060038274	3.0
-8.9120030754542388	-5.3258761958996139	3.0
5.2792613537622284	-0.0231505521574918	3.0
-9.7197631173063854	-3.5330618931566335	3.0
-7.1803674345799253	-6.0514165056984393	3.0
-8.8471350046158097	-4.3338806082886974	3.0
-9.7650221129967480	-2.1502362016267256	3.0
-8.7287133945047621	-4.7673153274262718	3.0
-7.1592654450923776	-3.6999580817094144	3.0
-8.0683161974315958	-3.0956798560486005	3.0
-7.0931409707425690	-5.2626892453863254	3.0
-9.3554297647769964	-3.3561735669992050	3.0
-8.6407491285314180	-3.6910651983621228	3.0
-9.6314007630387888	-5.5073484921499354	3.0
-8.4119038281105087	-3.1689464735298118	3.0
-7.2044730629591518	-3.1404367957899364	3.0
-7.1955395081028977	-1.5815199348050319	3.0
-7.1334127055601995	-2.0706238253780009	3.0
-11.5192478286360682	-3.7929074925883288	3.0
-6.0860985739119426	3.3413622401144343	3.0
-8.4189672866177272	-4.6944324248293308	3.0
-9.9302083790386000	-4.3760055701124108	3.0
-8.0764630488202069	-2.5674649505820923	3.0
-8.4746740229318007	-3.8566370716641094	3.0
-6.5253520296112146	-2.9493895064787035	3.0
-8.3269776720159960	-2.8889834235150165	3.0
-8.8156006339338102	-0.8872002272192985	3.0
-5.9143820643340668	1.1817976310339000	3.0
-6.7067447450160138	-3.8307240311740909	3.0
-7.1074113977987610	-4.3862247947237334	3.0
-9.1618678201736916	-2.2174214792527303	3.0
-6.9319963222731982	-3.8569771554952395	3.0
-8.0414258929002607	-1.3710740121300937	3.0
-10.9828997777255157	-3.3669899545550948	3.0
-8.5447852457236291	-2.8450098031675601	3.0
-8.6505430697578038	-3.7220796590564889	3.0
-10.2349376115934234	-4.0935037414707880	3.0
-8.5921293955239051	-2.2243499444267116	3.0
-8.5933831590665317	-5.6446459640458260	3.0
-9.2640634346646245	-3.0487665280692009	3.0
-7.3255217891748083	-3.3618729487449852	3.0
-9.4775738123717090	-3.3697165251601588	3.0
-9.2845045526364931	-5.4747761943079256	3.0
-9.3728831694763883	-4.6442714844810675	3.0
-8.2515440427122275	-4.6531371357271603	3.0
-8.3910604045633086	-3.2872725040598172	3.0
-7.9805725515972634	-3.9183253476306614	3.0
-9.0150316693814148	-1.9560542779808716	3.0
-8.3031591826165254	5.8658319994748060	3.0
-10.2926382504265312	-2.3802408316896644	3.0
-8.9695579425128713	-2.7569171945755691	3.0
-7.8087303939641037	-5.3327909212222897	3.0
-7.7607770660380799	-3.0809790279604408	3.0
-9.6195869324016279	-1.7294465082612895	3.0
-9.7126967742114392	-1.7447364101471270	3.0
-7.9883517128032926	-3.0232772041149150	3.0
-8.3744919735398398	-2.6038275184685764	3.0
-12.6967764107557208	4.1299088716661840	4.0
-14.0210267978739065	2.2239985716592541	4.0
-13.6092239310307779	2.8291406435899438	4.0
-11.4183693123607135	2.4527098696715708	4.0
-13.9001840479235721	3.6531707007692216	4.0
-13.0214775814261401	4.6711527490074856	4.0
-12.2052087907679603	0.9348540562455286	4.0
-11.0637172265606321	2.1172241788976134	4.0
-14.0589589507718440	3.6259969087919601	4.0
-11.4328372969654595	1.9372678795643932	4.0
-12.3680733994613057	2.9602717027267795	4.0
-13.4179071457226335	5.2949235665705947	4.0
-13.3103727096024986	2.7211263711573457	4.0
-11.7240911305227176	1.0986351221104762	4.0
-14.3500748235737898	1.6088790784748077	4.0
-14.3228627810703806	-0.0486343603071672	4.0
-10.7540724010976092	2.4320539881748910	4.0
-13.4039946727458013	2.4212768731397740	4.0
-12.8780339637051835	5.2144521604328791	4.0
-13.4412089494641016	0.9923119575582959	4.0
-12.9924860985117974	3.6552587374858456	4.0
-12.6288087152485886	3.2075861778087593	4.0
-15.1726324776356467	-0.4139768073447509	4.0
-12.5568587511526104	2.6361672509449017	4.0
-12.8834631961450761	1.3748023192910224	4.0
-13.6222735165252260	2.3362779422178668	4.0
-15.5452020446083345	2.9235636627818029	4.0
-13.0605988356758349	4.5134212913748462	4.0
-13.5245389584812692	4.3459839234936002	4.0
-14.5329725590029337	3.6338825662746457	4.0
-11.4499436739651266	3.6474568303747401	4.0
-13.3257579490928126	2.2597827292443502	4.0
-13.9197065171229717	2.8017589614326570	4.0
-13.7927729551797373	1.5530942014256632	4.0
-13.2959731159404697	2.3571507156357190	4.0
-14.1448483110002563	4.0393104171375720	4.0
-13.2230697277951155	3.9666560657775811	4.0
-11.7936143348895204	1.9517164819055282	4.0
-13.9830090806866192	2.3083798198856909	4.0
-14.2370064337644457	2.8726848288307330	4.0
-12.5981894409110975	2.0823165180147440	4.0
-12.3687193106634030	3.0003484704235439	4.0
-11.8746297732181425	3.8576439907221141	4.0
-12.9376963538287058	3.3849539952969732	4.0
-12.1521541066737182	2.0927428544665414	4.0
-11.7883429375840887	3.1891925310250384	4.0
-12.9237764896979606	4.2481104758888941	4.0
-13.4611039485017212	4.0667617734590245	4.0
-11.9124538848516455	1.3191385824053237	4.0
-14.7275034720213007	1.9730242565085183	4.0
-13.0379691615903077	0.9797226853654539	4.0
-11.5538718019744380	3.0498032784841231	4.0
-13.2893475035009185	2.4400336887250975	4.0
-12.9073160997031042	2.6843045304368403	4.0
-10.3006335439135874	1.6733251001900051	4.0
-12.5588956751377889	3.1353824404148978	4.0
-12.2773939842291373	3.6315864384802712	4.0
-13.2492485460315006	2.0755467636904990	4.0
-13.8673283576095265	3.4989627683194269	4.0
-13.6168525684371744	1.3870459307786598	4.0
-12.2428465344414903	3.4598493220605526	4.0
-14.9754189503812363	2.4228807673086399	4.0
-13.5749880354417733	0.6946947970866501	4.0
-13.6148859861501261	3.3450949465338824	4.0
-14.0822107973181598	0.4916606617279452	4.0
-0.8401789705512422	6.3399387316593705	4.0
-12.8140758965185473	4.3795909800389499	4.0
-11.9463847041872633	2.7301100923423363	4.0
-12.5400590582819813	3.1570464785727852	4.0
-15.2644181996994508	1.7112733808594114	4.0
-13.7244786572234858	2.9792439133958943	4.0
-11.7203481541262420	5.2161414313081735	4.0
-13.2290908353752830	3.5562561263213892	4.0
-13.0363934446571061	3.2521562592513615	4.0
-10.9472978190540502	1.4861402199070017	4.0
-11.6770821708223966	1.2199155198418390	4.0
-14.7159440087493039	3.5697397469391117	4.0
-0.6398307607893116	6.2597430547565613	4.0
-14.6733762411120292	4.0650234871124411	4.0
-12.6224201390788675	1.7196289146540025	4.0
-12.4593049416411450	4.0742096136765804	4.0
-12.0187646276880393	1.8821510022701229	4.0
-13.6202000053879875	2.7231519400080950	4.0
-15.0761176154012730	4.6247249112025717	4.0
-14.6698000833017232	1.1583957562653939	4.0
-12.3188918800882750	2.3884083524952993	4.0
-0.4577416830553508	5.0410338953630580	4.0
-12.4304495674800588	1.9005203575637737	4.0
-12.0611125976124214	4.3968902232003177	4.0
-0.4702526674073699	4.4351258438393515	4.0
-13.3146684385476473	3.2036623733438878	4.0
-13.2119838399303475	1.3902615889348986	4.0
-11.0957517207418235	2.1169461949178641	4.0
-14.4555808925640168	3.0075791297600611	4.0
-12.8720120439000105	2.6963338446534766	4.0
-11.5427916604515843	2.1204875487258401	4.0
-13.7769097918555339	2.4187150704385880	4.0
-14.1924401306238419	4.4519923715478065	4.0
-13.3604819018752146	3.5234056926323949	4.0
-13.4994779499277726	4.5841073516609896	4.0
-5.5503560188824927	9.0055302066265206	5.0
-7.2937930092191205	9.0961770307631085	5.0
-4.1591418038097032	9.4349212451949374	5.0
-6.3431614113197119	7.1720601296877691	5.0
-6.3109333748254581	5.9729213271192192	5.0
-5.5174377138262596	9.1085656991976904	5.0
-4.5353070606392309	10.2186271764682104	5.0
-5.4482510816883254	5.8170479300878304	5.0
-6.7408069109759312	8.9782028508943288	5.0
-5.9959019008315089	8.2948196399235510	5.0
-5.0602986357008133	7.0314757168792985	5.0
-5.4818898936527640	6.3367863501987269	5.0
-6.3591267181667570	7.9719206021743254	5.0
-3.1926696061595079	8.8525346343937574	5.0
-6.0545482144599347	10.0629101667474501	5.0
-7.4857090841762295	9.0083510572157106	5.0
-5.8789493394146435	6.1072883985500166	5.0
-5.2410760317638330	10.6224702716308101	5.0
-4.6003434582039819	7.6506241867416254	5.0
-5.7203977615350805	8.5625244096149355	5.0
-7.6031332234239546	8.1934782190154110	5.0
-7.7541188446392466	7.1536536275659568	5.0
-6.0144062932940194	9.8218065982617251	5.0
-8.1197470986783156	6.9505707136995234	5.0
-5.5823449329820365	8.1120050540120658	5.0
-5.7339350852660989	7.5544992483092885	5.0
-4.6495966319575910	10.0875780823245123	5.0
-5.0925163221155678	9.0677319031111008	5.0
-4.8730170041224605	7.9016930067858020	5.0
-4.9232113563341642	7.1696420166020065	5.0
-6.0099930693185373	9.5063578549901440	5.0
-4.1086432630585659	8.0479531651264953	5.0
-4.7575004043921076	10.4211905087125967	5.0
-4.4052771636381536	9.0015483585799370	5.0
-4.1015552333121112	6.0045010380989527	5.0
-3.2002809166194752	6.1826425085841539	5.0
-5.0866819332973074	7.5874351907050377	5.0
-5.9857782623760931	8.6014926657138275	5.0
-6.7005383743883931	6.2853937037419145	5.0
-5.1143751773209933	9.2422123455647363	5.0
-6.3990481349838513	7.9697494555028108	5.0
-7.0610477158200169	9.8728776438898045	5.0
-7.4245537862396489	6.8930197240645956	5.0
-6.2988777407066570	8.0627639216406486	5.0
-5.5006688903773000	9.3038498217267147	5.0
-3.4120608314232479	6.6126576262001278	5.0
-4.8096473229846799	8.1735215832883465	5.0
-4.9408461345047217	8.2866037999703135	5.0
-6.7249214408463551	7.9238909909636064	5.0
-6.3969855812742029	7.6727370185567310	5.0
-3.1107638526646628	9.0490943814408205	5.0
-5.3854890840257106	9.5578497480102556	5.0
-5.4616775343362880	8.6561356805217784	5.0
-4.0045778044832430	9.6793592262233865	5.0
-6.2409367843879631	6.8625942485164133	5.0
-5.4480549164171892	8.7848621817425414	5.0
-5.9620695333329508	8.3824733983923245	5.0
-4.2020437892357281	8.8525734548612700	5.0
-6.1350186739456021	7.8808621440720632	5.0
-4.4941571500363366	7.2693668146226216	5.0
-6.8604526791231697	9.7167118804657520	5.0
-5.7014833066968480	9.3868982012892133	5.0
-5.8572890205427974	6.8336745148643638	5.0
-4.0888728095504439	7.1643948736570415	5.0
-4.0859937305756926	8.7858448608329134	5.0
-4.8347757032745111	6.0853402680049804	5.0
-5.5498056051280011	7.6264762740066647	5.0
-4.3771735144351558	8.6825250354263428	5.0
-5.4142623275178927	6.7788275915574037	5.0
-2.8069631718105708	5.9841771526837420	5.0
-3.0265313996795897	6.3184360841117924	5.0
-6.2724775588429322	10.7232826347665675	5.0
-5.8473716534189837	7.4742102616328729	5.0
-5.0175837280035758	8.9407639386103792	5.0
-7.3293800012662267	9.1189707102228805	5.0
-6.3577046813370375	8.6386619651803240	5.0
-4.8486444696530731	7.6374099582019044	5.0
-5.2662481834397958	10.2898537401314911	5.0
-5.2398548040681545	8.1635318941835688	5.0
-4.8544287563174677	8.3763998451635509	5.0
-5.5292801578227904	8.3991398011986131	5.0
-3.2124395579162819	8.0231419625177924	5.0
-5.8691158153170475	9.7298670599239525	5.0
-4.1055479888522006	7.7233505632208486	5.0
-6.4943378325000278	8.8775776520934961	5.0
-4.2636148640124141	7.8890816277247451	5.0
-3.6909270387603095	5.8720715433254620	5.0
-4.4782988100892114	8.8444856286230227	5.0
-4.6584609819298892	7.2120897879187371	5.0
-5.8437127183455653	8.6393898368485011	5.0
-7.5858456196447692	10.0568426850756616	5.0
-7.6412346979198382	8.4519671027748977	5.0
-5.0674177659719524	8.6637876985055602	5.0
-7.4370158545231977	6.4092666563758049	5.0
-5.0607254296110291	11.8685345540385256	5.0
-6.6752409806671222	9.5043782062639384	5.0
-5.4416035660427058	8.0235368182848656	5.0
-6.6577029044385529	7.3432016273474803	5.0
-4.1352658571108858	8.9135233558950855	5.0
-5.4878745263378619	6.6438503279761996	5.0
8.4280863250806473	3.4763750858468709	6.0
11.8689440865355493	1.7451442182221177	6.0
9.6882828445197138	1.3063822071295426	6.0
9.4130277188770037	2.6542158169581991	6.0
8.7595944799991852	1.8003963141958610	6.0
9.8918954236154182	0.7229335139554818	6.0
11.8345484800583094	1.8600600531550993	6.0
8.4389906124744112	2.4312550371489534	6.0
10.2625978557930075	3.2338560945699255	6.0
9.7140096144395365	2.0851019188862279	6.0
10.7188310990426050	2.9417775164701609	6.0
8.2244317221810430	0.7046355721123059	6.0
10.4189748016355370	1.7170789816986782	6.0
11.0856223362081554	0.6884486495205359	6.0
12.3842701386522904	2.1819132120171250	6.0
9.3960213371516108	3.0847237835060466	6.0
10.8326422477613047	4.1288981958384463	6.0
11.0552099798419246	2.9635731966232659	6.0
9.4274394619334050	-0.1112115351074127	6.0
7.9996394928373356	1.4265391056351531	6.0
9.1771068605643205	1.6289793512045385	6.0
11.7249469427672892	1.9931421348403249	6.0
11.0225141646476708	2.0797985699853894	6.0
11.2108054864788720	2.9188354684359901	6.0
11.1673509691171304	0.2159345062353543	6.0
7.6567443012892031	1.7142859100687133	6.0
12.5883141006749355	-0.5057962290402731	6.0
9.8016680360026101	1.6745743869418610	6.0
8.8210855796502123	2.2800178244128517	6.0
9.5602357043735413	0.9866449991658636	6.0
9.1635386178455907	1.2859442682298210	6.0
9.6467072260794602	2.2539214925705298	6.0
9.9813516579382302	2.0288271672967957	6.0
9.9954925560223025	2.3988339605422868	6.0
12.5947860911997065	2.6049142398084273	6.0
9.6002269705943206	1.6215105571864150	6.0
11.6271374993150580	1.9339739734208672	6.0
10.0012693372246204	0.9467314747091098	6.0
10.6795522396626570	2.6554589470494707	6.0
8.7397193697924376	1.6066951169960821	6.0
11.7094712978926996	2.9468852060350765	6.0
11.3056412160823072	1.2773074792548991	6.0
10.3106705519304462	3.0254059630328318	6.0
11.7654697776870059	3.9606456750698320	6.0
10.0077589445109680	3.5607875933776438	6.0
11.0882473407700388	1.3634237581206392	6.0
11.6138063742517250	2.0041023549967552	6.0
10.0802233206914078	2.7900375752987863	6.0
10.8617911219271868	2.8274113740745324	6.0
9.1167717369244272	1.7680279188292898	6.0
12.7317596017544918	1.9354078960116887	6.0
9.5248660811243084	1.4193796998954558	6.0
9.2889309342656929	2.6859597957492052	6.0
12.7741905182618840	2.4851482738046795	6.0
12.2434182077545461	3.2856092027527306	6.0
9.2615742024841765	3.2203839911476839	6.0
10.7661449790514059	1.0313504553168151	6.0
9.3984987547616861	2.3591541408964778	6.0
8.9350077231407035	2.6941479277356999	6.0
11.3909168565357763	3.7464887072419577	6.0
10.6666079763104609	2.5309369377698721	6.0
11.1181362644563748	2.3872541631303119	6.0
7.6323106751343834	1.5733847812490722	6.0
12.1051756028092381	3.1451132695909654	6.0
8.6210542158446337	1.5518380281883215	6.0
9.4989806158078327	1.9028024558975545	6.0
8.9228053927884954	1.6902193854553866	6.0
10.2117607446864831	2.8377546655480028	6.0
9.5897804944494300	-1.2824557618288068	6.0
9.9698721216955271	5.5537349682814288	6.0
9.3412067710399000	1.4572036542168341	6.0
11.0922043030427080	1.8589071414474914	6.0
9.8262498359501684	1.6946177270353868	6.0
8.7453248641644059	3.5253496959308017	6.0
9.2237477560209324	1.2488529154515069	6.0
-1.1421769726484288	7.4050037911905369	6.0
9.7387207526758015	1.4714711867960764	6.0
11.2823355259079232	2.1296657332662643	6.0
9.9849520234234603	3.5101131185401639	6.0
-0.9896458040258306	9.3412264669456455	6.0
10.1843832613397609	2.4216781693879819	6.0
10.0356828663929090	1.3456348325027814	6.0
10.9956499008462103	1.0124749236787829	6.0
9.9594223107039870	3.8474597501503518	6.0
-1.6717184036229216	8.9237761937343532	6.0
12.8424716009369337	0.3018642993107136	6.0
8.6690383069327464	2.8781924986317806	6.0
10.5582756210429682	1.6179912610772795	6.0
11.5530854702399139	3.0690457831811009	6.0
11.2317593558849751	2.1926130816371447	6.0
10.3082321416984026	2.5691234281446618	6.0
9.8592922507798075	4.5507969566420376	6.0
9.5981636223716258	3.3309831768310518	6.0
11.5152739835718414	3.6742570510517312	6.0
6.3680607486382002	1.5481334511585816	6.0
8.6223237099598453	1.5718644903834609	6.0
8.0132039049790720	3.1359776959090393	6.0
12.9748664785932686	3.6657656248443966	6.0
10.9313106787112790	1.2363003863110908	6.0
9.7149874575058988	4.1911197788331034	6.0
-2.1195079123755578	-2.9560280947342354	7.0
0.5150469712109642	-1.3082763035763008	7.0
-2.9245228695538708	-1.3640728713332435	7.0
2.5941388321090404	-2.0627023926290939	7.0
-0.9667360419127335	-5.0172760343057119	7.0
-3.7668039707870995	-4.1319858614708984	7.0
-1.3981329012981887	-1.0489103828766915	7.0
-0.6509094199547582	2.4834889401079168	7.0
-2.5630394550803732	-1.4497603021200822	7.0
-2.2593864387385456	-0.5984378844189389	7.0
1.3931775602847061	-1.4267513970496033	7.0
-0.9863477080350218	-2.8512839525378122	7.0
-3.7981006168545242	-1.9274374833387038	7.0
-2.0540568771588230	-2.1436166094845523	7.0
-1.3442175979464590	-3.4164486751196117	7.0
-0.4533344845738252	-1.0838156760115432	7.0
0.7652587050071886	-0.7637492670561837	7.0
0.5068263634685573	-0.1531250658840516	7.0
-0.5472575171357246	0.0302217499289873	7.0
0.7956643549933436	-1.6490196092257230	7.0
-2.4963050846727413	-2.9694086762238365	7.0
-0.8442826965739512	-1.5663527682562906	7.0
-3.5981805290041704	-0.8694015715215900	7.0
-1.1794666411448622	-0.3068288776590886	7.0
-1.8121875535786056	-2.4739312940377722	7.0
0.0672781842650608	-0.8750262121443126	7.0
-1.9650482639423428	-3.2657640461004873	7.0
-1.0788468578577584	0.2299829961057719	7.0
-1.6553370706419239	-2.5450566313645275	7.0
-3.0701942779907476	-2.2042030522936287	7.0
-4.5044096568281420	-1.8614123411390799	7.0
-0.6299635703415558	-2.6762538929659483	7.0
-2.1720571952676804	-1.0617082422804909	7.0
-2.9962528231268011	-1.6467552069804330	7.0
-2.8858652633424571	-1.5378497958363302	7.0
-0.5979094645438567	-5.3737986897915642	7.0
-1.9193545102915388	-2.5049841548385028	7.0
-1.3027917473391162	-0.8700448406653997	7.0
-2.2869303608584524	-0.5418860037399181	7.0
-1.3175707335797049	-3.5530924385151983	7.0
-0.2088987374743970	1.1180179302025999	7.0
-1.2787379136012769	-4.0848707218128446	7.0
0.3435615221698661	8.9674317649615514	7.0
-1.9391245367020364	-0.4266297009055797	7.0
-3.9903431949097001	-1.7950456723615289	7.0
-0.6078038975737835	0.5474743954128940	7.0
-1.3266527034008890	0.9886640752938460	7.0
0.4014351041501529	-0.0021208732648507	7.0
-3.1004753085751999	-0.6093361305400111	7.0
-2.2062854816718116	-3.3042572716374661	7.0
1.0243375725920887	-3.3312105737290549	7.0
-2.4619566513656510	-2.4583222414297787	7.0
-2.0057875222550963	-3.0791147168979323	7.0
-3.9707632827607120	-1.7358979987271326	7.0
-0.9422063687941110	-0.7733855185949381	7.0
-1.3548068996154814	-2.4700348407682795	7.0
-1.8224369865538055	-4.2254760435269247	7.0
-0.4865623387616214	-3.8121497439396550	7.0
-3.6057942348235326	0.6583174487183990	7.0
-2.1493734509273823	-2.2008099684471540	7.0
-3.2960633033908144	-1.8467517729651364	7.0
-0.4755779199404032	-0.0520180678687240	7.0
6.2826583165409140	1.3020947120679101	7.0
2.3782352929872461	-0.6044344298885395	7.0
-4.8770655814683561	-0.1647905226471827	7.0
-4.5056535156061459	2.3645325804165522	7.0
1.4395537527480133	-1.2891230036903802	7.0
-2.2351164253740174	-0.5790288771503055	7.0
-0.6109713434756859	-0.4621237494721402	7.0
-0.8771758420400488	-0.0890100113757977	7.0
-0.8457794548810185	-1.3458778436715331	7.0
-0.2801800359450750	-1.9846123236273050	7.0
2.1606174552819017	0.2380161501142862	7.0
-0.2255796408906969	-3.4841370985168147	7.0
-3.3926541361820042	-1.3065322352850399	7.0
-1.5169074616469909	-0.8580866974068309	7.0
-3.8512942815254214	0.4117859418471602	7.0
-0.4105777766566667	1.0026341935028042	7.0
-2.0990948267920864	-2.3819056019761562	7.0
0.7958161238791130	-1.9107258667067910	7.0
-2.9101113316470046	-0.3974742576372883	7.0
-3.2191480963959829	-4.7589295217811873	7.0
1.8317297019038705	-2.9540001306010040	7.0
-0.8775354958101625	-2.9967955239242592	7.0
-1.4318893759410709	-1.3482268075572128	7.0
-3.2083061208010988	-2.5141375239817130	7.0
-2.6431674463520842	0.9644781030452237	7.0
1.7143338226910134	-3.5740612979357436	7.0
-1.2087029738459785	-0.5156501251806125	7.0
-1.4365549269422804	-2.2389014950579393	7.0
0.0021771285938290	-1.7297494013171524	7.0
-2.7011360780160603	-0.2960330515906939	7.0
-3.5775943791782314	-0.3654519932059649	7.0
-2.1735666812514634	-2.9755985423355669	7.0
-0.4903740962059937	-1.1823615638768110	7.0
-3.1602868410530678	-1.2881761714295761	7.0
-3.1814409957263154	0.9119670607119887	7.0
1.2987377656797956	0.4810335428656163	7.0
3.4901350376243014	0.1431580592307224	7.0
-2.3461817783455543	-0.1035866551277625	7.0
-0.0257959957146280	-1.6266989311821169	8.0
0.7579148231881544	-1.6190274099643571	8.0
-0.5865223954457527	-1.4643332328929661	8.0
0.5082073864748381	-1.0460321750149599	8.0
0.0157442013655422	-3.6943112787205137	8.0
-4.5486874111266573	-2.1963343046144299	8.0
-0.5988599016713541	-1.7718908129780930	8.0
1.0970447247396309	-5.0125211229461613	8.0
1.9119266682919145	-1.5053894332192901	8.0
-0.0877010468939342	0.2727377548608143	8.0
-2.3658338587465781	-1.7095962948775023	8.0
-2.1422941934545596	-1.1884573360891626	8.0
0.5016451359983128	-4.4833495255208655	8.0
-2.3306757262345408	-1.7739165512354644	8.0
-1.6015084646196556	-1.6199596404395762	8.0
-1.7950806387404707	-1.3001152129733495	8.0
1.2618572176106997	-4.7996857776229476	8.0
-1.0367436811196979	-3.1412461617532266	8.0
-1.5401516230737724	-0.6557981612092375	8.0
-0.6390510307089720	-1.6406913748035756	8.0
-0.8702152529225224	-1.4091800914063333	8.0
-0.9179182949997341	-1.8244878625196266	8.0
-2.3372899884031901	-3.0563894719662557	8.0
-1.6034262071348044	-1.1912835838475206	8.0
-2.8415961052340419	-4.1683611344996976	8.0
-1.7333445877324292	-4.8120110033910741	8.0
-1.6096153757166731	-3.3615081557842865	8.0
-0.2722222176684938	-2.4465253542044438	8.0
-1.8637251614929471	0.5419495679790916	8.0
0.3396777050606608	-1.5161418690389659	8.0
1.2169504562331541	-0.9918776358163635	8.0
-2.7995507050880288	0.2172404423588322	8.0
0.8507763146050525	-2.0960031184845169	8.0
-0.5715875817639424	-1.0787275269834342	8.0
-0.7885791573666574	-0.0261696322625328	8.0
-0.3399139062035664	-1.8803210245447124	8.0
6.1778942683899825	1.9088102617300771	8.0
0.0537899241491665	-0.5957345199418412	8.0
-0.3521705064554180	-2.7858580763480565	8.0
1.6168696419195074	-0.4652585667203888	8.0
-0.8608029822997599	2.1533059629405362	8.0
-0.1933316373438508	0.5358954728824178	8.0
-0.3547360379831209	-3.0182517282669901	8.0
2.2366861891558685	-4.4713316210679883	8.0
-2.9074987146340283	-2.5894236530386836	8.0
-3.3460935552694515	-2.8988427945010065	8.0
-1.1193214619272560	-1.4121856285356083	8.0
0.3359225734520954	-3.0415696689418503	8.0
0.3219797838086141	-3.5312574681162592	8.0
0.9354496456268254	-2.4887395555130989	8.0
0.4906855080197607	-0.3238259575144967	8.0
0.4371956141511275	-5.8271693779694287	8.0
0.0118351076630949	-3.8164157662892304	8.0
-7.9446036667313402	0.0764752357169233	8.0
-0.0326344272294992	-4.7029342254734958	8.0
-0.6285781428758380	-1.6172538014743725	8.0
0.1410822768773478	-2.4457353091219605	8.0
-3.1494193915149826	-3.3685530514605402	8.0
0.0866388447388661	-2.1577303728624289	8.0
0.3758962214675760	-0.8757110788791185	8.0
0.3927583142140063	2.5105215324769445	8.0
-0.9636822421799908	-4.0525624435444971	8.0
-1.3360000102315697	-1.1837397786542401	8.0
-0.8612813238228081	-0.8100060538725025	8.0
-2.5109022232980727	-4.0668325682729911	8.0
-1.4686733673814791	-3.0701298576804268	8.0
1.2341580775011725	-0.1330290830989601	8.0
-1.3601285794066746	-0.6761613309816022	8.0
-0.2448363177063484	0.2004910837813718	8.0
-1.1898691497291167	-2.3383247535179374	8.0
-0.3773805574475412	2.5694082621366086	8.0
0.2060840416683868	-4.2684428596967958	8.0
-0.5249872083701801	-2.5288569083209884	8.0
-2.3203542871029028	1.2493197167221779	8.0
-1.1642928385040485	-2.1457839054944388	8.0
0.8816138438406278	0.6095282075336812	8.0
0.5969111148738936	-0.7410018503385547	8.0
0.4842857369008004	-3.1922521631486651	8.0
0.4135860968634960	-0.8415511963687350	8.0
0.6945615179846534	-2.5530960021094375	8.0
-1.3939266046362833	-3.0472404576342287	8.0
-0.3128048690251652	-2.2313624982931120	8.0
-0.4858421437725015	-1.1673873690575147	8.0
-1.3448202650298218	-2.6370043676602957	8.0
0.2914801896968807	-2.3016942991660825	8.0
-2.4598314603689704	-1.6815912505961672	8.0
-1.4809367513534375	-3.9270749487100782	8.0
0.6976635401432819	-2.1048807920756447	8.0
-0.4746845246139194	-1.2775446946039148	8.0
-0.3526987465349375	-2.1677231101502001	8.0
-0.6755715631409093	-4.4291309969047701	8.0
-3.5655944328553293	-3.3899060186582344	8.0
-2.2345355810458796	0.2448224332790424	8.0
-0.7209598866498259	-1.2944608911682152	8.0
-0.2286323420887758	-2.5822213483459464	8.0
-1.1191478989935291	1.0664902831562504	8.0
-4.6422395663352090	-0.7136049710457546	8.0
-2.3786876717886272	-1.8318191145373486	8.0
0.9731288593316009	-1.8387728236500893	8.0
-4.0768310725588499	-0.2251456808457039	8.0
1.0008730609589613	-13.9652242970639726	9.0
2.2130731642626378	-13.9275908421024006	9.0
1.4604970346332997	-15.9831006705380574	9.0
1.3054208448336422	-13.7330693581166905	9.0
-7.6462836420973144	-11.5449671387734547	9.0
0.8566730107402165	-13.8271495388866192	9.0
-7.6206761591012633	-12.8242596988180484	9.0
0.4444154877422201	-13.7629155700416170	9.0
1.6150783660302170	-15.2751639677744606	9.0
-7.7164447990161706	-12.0409936698075413	9.0
1.3630014648289022	-14.3903395849076023	9.0
-7.2718777002345822	-11.3425137060724612	9.0
-8.2699171277838417	-11.2729940676823848	9.0
1.0082528580810581	-15.9465817137629031	9.0
-7.6465176306076490	-11.5919895713209726	9.0
1.1960988386697058	-15.4413048117287328	9.0
-8.2271223514754350	-13.0604130831693883	9.0
3.5693053033994255	-16.3486132543441549	9.0
2.6847153793960854	-15.2744580555130387	9.0
0.5835129126422897	-15.6406758841626115	9.0
1.6244767157185798	-15.9602926315579392	9.0
2.0620727998192168	-14.9547851518315458	9.0
-7.6621842495462822	-12.4371259661924896	9.0
-7.7782054839878176	-12.2868687782910975	9.0
3.3264499265302709	-15.4594547325290748	9.0
1.8024775794125507	-14.6366195445465035	9.0
-7.8848371717980053	-10.9208334884326650	9.0
-7.9375151583466650	-12.5314318184212983	9.0
1.0059720824021661	-15.3065085349759631	9.0
2.1125282221362673	-15.9670284023299942	9.0
-7.0967861970853798	-11.6679031779553561	9.0
-7.5807150194314730	-11.2619505797218320	9.0
2.0426381033787573	-14.9043406965335627	9.0
1.2418030054499773	-13.8472304713302101	9.0
1.1968198600145683	-14.8434792390107440	9.0
1.7541949972355617	-14.4110487702614911	9.0
-7.5876091741825133	-12.0104371320824637	9.0
1.3154956526503603	-15.4989394562228640	9.0
-8.0295866131215465	-12.6892888625732656	9.0
-7.5929648857605958	-11.2111980137610701	9.0
2.1804270319087040	-14.4543343225787044	9.0
-7.6730525845684019	-11.6053409636019609	9.0
-8.3747066880762429	-12.0159005496277818	9.0
-8.9258615948890139	-11.8356933040957522	9.0
2.4549570127396545	-15.5529611366503886	9.0
1.2575122948639148	-16.9501147034091808	9.0
-7.9432878082067937	-12.3013848240800208	9.0
1.8380169345776152	-15.8906858308871719	9.0
0.2265136418252155	-14.1437443310629902	9.0
2.5038379713006207	-3.1244858563603262	9.0
2.1205818212277077	-13.9443483136799760	9.0
3.8397005888246474	-14.8157963097876237	9.0
2.9566474494401644	-15.7881678522690958	9.0
2.2545463053046002	-16.3976509675459745	9.0
-7.3465270586606515	-11.2436908266852527	9.0
3.7011096440938998	-15.3913503471733932	9.0
1.7210279376044046	-16.2073248898008018	9.0
1.7202216659662721	-13.9677300948485676	9.0
-8.0736229265053652	-11.9338895004685508	9.0
-7.3142327918749270	-11.6426783220699228	9.0
1.6803458163058664	-14.2383948208978541	9.0
-7.6128805070764258	-12.0072887181503010	9.0
-7.7018552661443769	-12.5960166421317528	9.0
1.0139909027136798	-16.7607115022854885	9.0
-7.7006569043865127	-11.1494099278095149	9.0
1.6320714323672816	-13.0747702584798429	9.0
-7.6867864687224907	-11.3022624667545859	9.0
2.0078852388741133	-14.3937198253720346	9.0
1.0357076470523263	-14.9321689475597008	9.0
1.4118401988763050	-15.6153301686362695	9.0
-7.5404326531048103	-12.5804141167953656	9.0
1.2507556100160213	-13.7398488087160153	9.0
2.6850524011709811	-16.2766706823092697	9.0
-8.5074623244734298	-11.8119831961573389	9.0
-7.9797725393484908	-11.9216190721234145	9.0
-8.1432880925716695	-11.6032340218605938	9.0
1.3649423340825426	-14.7768395330307545	9.0
1.5014350204256786	-14.9547359539364297	9.0
1.9978443741417600	-15.6499666794458854	9.0
-7.5630632464669523	-11.9064592762109029	9.0
2.3417474405130729	-14.7576886401576495	9.0
1.3626962715315696	-14.9346344930523340	9.0
0.9428237265538925	-14.6828263140535906	9.0
2.8718046967742397	-14.6107864370656930	9.0
2.3736586485456224	-15.2362961742013834	9.0
-7.2642971264572296	-11.4224377086332094	9.0
-7.6961086536211676	-11.9390802894591239	9.0
2.3046991172637221	-14.5306426360761076	9.0
1.8844282504218126	-15.1506549235687640	9.0
1.3068262675525788	-13.9896953386054204	9.0
1.7045309230091903	-14.9468553355432139	9.0
4.0902808731019471	-16.6822673967927280	9.0
0.0491649008834675	-17.1473808072051597	9.0
-8.2794082111323615	-12.3870183520813146	9.0
-8.7851389289654200	-12.7472840399550194	9.0
1.9026896786817149	-16.3518940159102826	9.0
1.9473502359766912	-14.7380085037185538	9.0
1.1017266897344267	-15.4509136355379777	9.0
-7.9232574529875874	-11.6755016995169925	9.0
1.5947038222736982	-13.5152606312768260	9.0
