0	0.989805
1	0.95363
2	0.991976
3	0.983826
4	0.966742
5	0.97917
6	0.989638
7	0.988299
8	0.961981
9	0.972161
10	0.968734
11	0.98878
12	0.961598
13	0.929434
14	0.97298
15	0.990514
16	0.951026
17	0.974176
18	0.963699
19	0.974981
20	0.776522
21	0.990028
22	0.958411
23	0.972291
24	0.936516
25	0.993809
26	0.947014
27	0.964629
28	0.972995
29	0.986654
30	0.991679
31	0.955827
32	0.987662
33	0.988
34	0.978142
35	0.90895
36	0.967496
37	0.948173
38	0.923132
39	0.954801
40	0.989513
41	0.928205
42	0.989768
43	0.968302
44	0.991821
45	0.945407
46	0.989978
47	0.919843
48	0.991918
49	0.989788
50	0.987651
51	0.932081
52	0.993212
53	0.902707
54	0.965927
55	0.974442
56	0.968745
57	0.990383
58	0.971608
59	0.967438
60	0.942693
61	0.984147
62	0.989534
63	0.975182
64	0.954525
65	0.928686
66	0.976243
67	0.968141
68	0.989704
69	0.967153
70	0.96492
71	0.9602
72	0.963902
73	0.986064
74	0.969039
75	0.959473
76	0.966898
77	0.983956
78	0.961144
79	0.95017
80	0.919851
81	0.984309
82	0.989842
83	0.971262
84	0.942573
85	0.991002
86	0.990539
87	0.979159
88	0.972943
89	0.988322
90	0.987186
91	0.971369
92	0.968896
93	0.989218
94	0.950966
95	0.953586
96	0.974734
97	0.99042
98	0.973688
99	0.947113
100	0.942241
101	0.979251
102	0.982458
103	0.979541
104	0.960965
105	0.983306
106	0.980992
107	0.988169
108	0.981325
109	0.962925
110	0.968163
111	0.906478
112	0.990377
113	0.980673
114	0.979271
115	0.973301
116	0.980832
117	0.981235
118	0.988168
119	0.979693
120	0.978547
121	0.979144
122	0.986083
123	0.975876
124	0.857437
125	0.978278
126	0.969067
127	0.973172
128	0.966075
129	0.958984
130	0.988309
131	0.979123
132	0.974885
133	0.937589
134	0.968994
135	0.969625
136	0.963529
137	0.990909
138	0.978961
139	0.977099
140	0.970957
141	0.963529
142	0.982586
143	0.96109
144	0.972685
145	0.978482
146	0.968104
147	0.980556
148	0.985159
149	0.983251
150	0.966386
151	0.980507
152	0.980371
153	0.982442
154	0.968645
155	0.976539
156	0.984638
157	0.983467
158	0.953134
159	0.962917
160	0.976602
161	0.97756
162	0.964681
163	0.982626
164	0.981236
165	0.976903
166	0.978748
167	0.980609
168	0.970248
169	0.96674
170	0.992422
171	0.979942
172	0.972657
173	0.978188
174	0.972597
175	0.988609
176	0.988519
177	0.977229
178	0.981503
179	0.827557
180	0.973712
181	0.980256
182	0.983255
183	0.975742
184	0.981788
185	0.98192
186	0.976135
187	0.979444
188	0.961254
189	0.972319
190	0.990947
191	0.979303
192	0.973804
193	0.975428
194	0.971684
195	0.96804
196	0.969349
197	0.974113
198	0.971103
199	0.972083
200	0.984078
201	0.982532
202	0.868519
203	0.961371
204	0.973424
205	0.941415
206	0.888173
207	0.972034
208	0.986428
209	0.932717
210	0.954472
211	0.988796
212	0.957586
213	0.952244
214	0.948084
215	0.928731
216	0.90855
217	0.989939
218	0.93469
219	0.977595
220	0.968803
221	0.988807
222	0.955111
223	0.949826
224	0.973325
225	0.963498
226	0.933615
227	0.935333
228	0.944394
229	0.966072
230	0.896472
231	0.976591
232	0.985247
233	0.965926
234	0.970911
235	0.981327
236	0.962051
237	0.978015
238	0.931341
239	0.956985
240	0.919369
241	0.96664
242	0.948093
243	0.954312
244	0.971557
245	0.949164
246	0.9685
247	0.958485
248	0.963379
249	0.959116
250	0.856282
251	0.925746
252	0.974871
253	0.904433
254	0.984801
255	0.992214
256	0.985768
257	0.983654
258	0.989866
259	0.943981
260	0.989209
261	0.962985
262	0.957566
263	0.97118
264	0.964999
265	0.987681
266	0.955573
267	0.987183
268	0.942571
269	0.97651
270	0.922028
271	0.988805
272	0.990306
273	0.954967
274	0.98465
275	0.983547
276	0.989025
277	0.931976
278	0.959901
279	0.983491
280	0.925621
281	0.956344
282	0.976593
283	0.973678
284	0.888095
285	0.974125
286	0.951839
287	0.946513
288	0.977265
289	0.984692
290	0.983587
291	0.958974
292	0.98554
293	0.961784
294	0.93602
295	0.952755
296	0.960803
297	0.970818
298	0.976884
299	0.803761
300	0.96925
301	0.976281
302	0.938791
303	0.945967
304	0.957152
305	0.940644
306	0.954793
307	0.986861
308	0.956721
309	0.954195
310	0.95585
311	0.964413
312	0.975432
313	0.989333
314	0.959185
315	0.963196
316	0.985293
317	0.909736
318	0.970861
319	0.884571
320	0.957151
321	0.867332
322	0.986078
323	0.987591
324	0.931854
325	0.945437
326	0.968847
327	0.982337
328	0.940727
329	0.951653
330	0.972504
331	0.962727
332	0.961534
333	0.963936
334	0.94461
335	0.978835
336	0.977818
337	0.962428
338	0.992005
339	0.975367
340	0.961168
341	0.951405
342	0.98874
343	0.957994
344	0.97578
345	0.969319
346	0.990385
347	0.782769
348	0.95381
349	0.966301
350	0.94761
351	0.928095
352	0.968831
353	0.982948
354	0.985333
355	0.963987
356	0.984855
357	0.982409
358	0.953897
359	0.963592
360	0.9722
361	0.956937
362	0.990571
363	0.824691
364	0.987629
365	0.989544
366	0.963646
367	0.917725
368	0.965269
369	0.966691
370	0.872933
371	0.980482
372	0.886033
373	0.967463
374	0.949579
375	0.98654
376	0.946202
377	0.970599
378	0.971446
379	0.961284
380	0.989967
381	0.971379
382	0.936945
383	0.916522
384	0.989741
385	0.963968
386	0.962592
387	0.930461
388	0.971344
389	0.960468
390	0.940453
391	0.978424
392	0.913809
393	0.985019
394	0.979664
395	0.951901
396	0.965084
397	0.992811
398	0.908754
399	0.988853
400	0.987507
401	0.992703
402	0.995087
403	0.965843
404	0.96421
405	0.980277
406	0.962711
407	0.966966
408	0.985943
409	0.989892
410	0.990883
411	0.9596
412	0.961486
413	0.949197
414	0.971311
415	0.981326
416	0.961893
417	0.994972
418	0.915529
419	0.947698
420	0.993933
421	0.982991
422	0.988349
423	0.990088
424	0.986868
425	0.994336
426	0.994057
427	0.980058
428	0.989355
429	0.958678
430	0.968695
431	0.981151
432	0.993623
433	0.983167
434	0.993716
435	0.982269
436	0.890051
437	0.98791
438	0.991489
439	0.910231
440	0.98045
441	0.985896
442	0.987564
443	0.952534
444	0.968875
445	0.984575
446	0.98921
447	0.989335
448	0.956537
449	0.989566
450	0.977996
451	0.974598
452	0.991942
453	0.99457
454	0.983411
455	0.984874
456	0.983163
457	0.995559
458	0.995537
459	0.992829
460	0.993716
461	0.970879
462	0.969008
463	0.969599
464	0.993037
465	0.974237
466	0.927067
467	0.979739
468	0.9954
469	0.969754
470	0.962889
471	0.900881
472	0.970093
473	0.9825
474	0.918985
475	0.947776
476	0.996113
477	0.966037
478	0.99222
479	0.99356
480	0.992801
481	0.937702
482	0.899587
483	0.992886
484	0.924756
485	0.991803
486	0.994981
487	0.988744
488	0.946413
489	0.987322
490	0.993829
491	0.990198
492	0.984028
493	0.960196
494	0.995663
495	0.945368
496	0.996383
497	0.95281
498	0.991475
499	0.991008
500	0.990256
501	0.987294
502	0.922044
503	0.939489
504	0.959056
505	0.980559
506	0.987824
507	0.993414
508	0.953563
509	0.972678
510	0.978657
511	0.813851
512	0.967231
513	0.973394
514	0.972118
515	0.979886
516	0.986412
517	0.977892
518	0.924831
519	0.965039
520	0.98316
521	0.991135
522	0.966718
523	0.986948
524	0.979934
525	0.991761
526	0.957258
527	0.974195
528	0.990577
529	0.974774
530	0.992383
531	0.963453
532	0.972591
533	0.979921
534	0.944768
535	0.962636
536	0.971592
537	0.944792
538	0.990726
539	0.972548
540	0.972743
541	0.96968
542	0.898208
543	0.98811
544	0.925807
545	0.978202
546	0.990095
547	0.980736
548	0.974766
549	0.988705
550	0.817156
551	0.970327
552	0.989592
553	0.975857
554	0.982609
555	0.991272
556	0.960386
557	0.974305
558	0.956446
559	0.968578
560	0.942095
561	0.987207
562	0.98812
563	0.967397
564	0.96518
565	0.981084
566	0.96468
567	0.944698
568	0.928626
569	0.907891
570	0.926813
571	0.961936
572	0.992643
573	0.970541
574	0.976503
575	0.984888
576	0.987907
577	0.987715
578	0.961116
579	0.982669
580	0.9625
581	0.977159
582	0.988627
583	0.966149
584	0.968109
585	0.950623
586	0.952866
587	0.966961
588	0.950322
589	0.969328
590	0.954953
591	0.975227
592	0.989035
593	0.976846
594	0.966809
595	0.949373
596	0.988297
597	0.971555
598	0.984491
599	0.925593
600	0.957176
601	0.987451
602	0.956517
603	0.97125
604	0.978679
605	0.957946
606	0.975356
607	0.968965
608	0.970851
609	0.933713
610	0.984828
611	0.97508
612	0.985126
613	0.862101
614	0.986665
615	0.968339
616	0.930052
617	0.982799
618	0.965485
619	0.967798
620	0.951196
621	0.978996
622	0.97943
623	0.966006
624	0.966303
625	0.980865
626	0.911519
627	0.987986
628	0.956115
629	0.935189
630	0.967692
631	0.96478
632	0.967495
633	0.977372
634	0.97314
635	0.974383
636	0.98229
637	0.987631
638	0.966855
639	0.958378
640	0.969272
641	0.974095
642	0.985713
643	0.982727
644	0.956058
645	0.976973
646	0.965686
647	0.986415
648	0.966147
649	0.965191
650	0.962039
651	0.988661
652	0.960657
653	0.966914
654	0.979017
655	0.980785
656	0.988958
657	0.98426
658	0.977489
659	0.975105
660	0.900343
661	0.969879
662	0.978008
663	0.950304
664	0.952589
665	0.979316
666	0.984938
667	0.984317
668	0.945374
669	0.977832
670	0.966232
671	0.963322
672	0.953997
673	0.980797
674	0.964491
675	0.986379
676	0.934991
677	0.962859
678	0.980189
679	0.978072
680	0.967644
681	0.967582
682	0.968371
683	0.983304
684	0.974231
685	0.81348
686	0.983091
687	0.966637
688	0.972145
689	0.960411
690	0.959852
691	0.98343
692	0.979857
693	0.984571
694	0.959498
695	0.965173
696	0.935345
697	0.888081
698	0.975631
699	0.968046
700	0.963364
701	0.994755
702	0.974693
703	0.951789
704	0.900233
705	0.876265
706	0.939486
707	0.982149
708	0.907917
709	0.955894
710	0.966228
711	0.953779
712	0.943439
713	0.837527
714	0.984839
715	0.985157
716	0.85841
717	0.975642
718	0.94808
719	0.947214
720	0.957893
721	0.994904
722	0.953656
723	0.974442
724	0.953306
725	0.867659
726	0.961187
727	0.96777
728	0.966439
729	0.943549
730	0.862945
731	0.889615
732	0.955226
733	0.98984
734	0.971947
735	0.916062
736	0.94874
737	0.935288
738	0.955438
739	0.988731
740	0.901845
741	0.910194
742	0.962423
743	0.955034
744	0.959422
745	0.955584
746	0.95322
747	0.960851
748	0.9616
749	0.890713
750	0.820342
751	0.971353
752	0.96543
753	0.944858
754	0.933629
755	0.964342
756	0.95126
757	0.788014
758	0.941185
759	0.880041
760	0.953321
761	0.976486
762	0.97719
763	0.949869
764	0.93597
765	0.973525
766	0.956523
767	0.994619
768	0.991677
769	0.956678
770	0.939304
771	0.9491
772	0.832393
773	0.985744
774	0.928449
775	0.968279
776	0.947969
777	0.934115
778	0.901208
779	0.963129
780	0.93607
781	0.965423
782	0.991367
783	0.970887
784	0.988309
785	0.922099
786	0.836511
787	0.821764
788	0.971337
789	0.816106
790	0.96211
791	0.986144
792	0.988956
793	0.989958
794	0.991273
795	0.96299
796	0.823634
797	0.897287
798	0.956094
799	0.928715
800	0.984416
801	0.944505
802	0.990451
803	0.976206
804	0.984755
805	0.956065
806	0.991816
807	0.953172
808	0.987749
809	0.942931
810	0.990262
811	0.94304
812	0.988108
813	0.980916
814	0.991184
815	0.991127
816	0.979378
817	0.95599
818	0.980397
819	0.984781
820	0.989257
821	0.988998
822	0.972294
823	0.979692
824	0.983151
825	0.978159
826	0.976565
827	0.99082
828	0.899204
829	0.990575
830	0.959892
831	0.964804
832	0.869185
833	0.989301
834	0.970934
835	0.988808
836	0.991565
837	0.966818
838	0.989138
839	0.97852
840	0.91075
841	0.947448
842	0.974318
843	0.964004
844	0.994315
845	0.950529
846	0.989026
847	0.988599
848	0.930732
849	0.989837
850	0.912008
851	0.959525
852	0.828088
853	0.971333
854	0.984816
855	0.963927
856	0.980876
857	0.948962
858	0.990272
859	0.984496
860	0.9853
861	0.981811
862	0.947386
863	0.993898
864	0.936409
865	0.940079
866	0.872979
867	0.888803
868	0.945101
869	0.960853
870	0.987106
871	0.990609
872	0.990871
873	0.979026
874	0.990371
875	0.990713
876	0.945108
877	0.981049
878	0.862843
879	0.964923
880	0.98186
881	0.991285
882	0.989488
883	0.981223
884	0.96617
885	0.981684
886	0.974993
887	0.967596
888	0.98115
889	0.982596
890	0.969873
891	0.94126
892	0.945569
893	0.981658
894	0.955178
895	0.967834
896	0.946449
897	0.960682
898	0.945605
899	0.989101
900	0.834075
901	0.673368
902	0.848408
903	0.77739
904	0.689249
905	0.85001
906	0.782275
907	0.826001
908	0.788161
909	0.825888
910	0.82372
911	0.669621
912	0.782794
913	0.843088
914	0.775193
915	0.813915
916	0.803586
917	0.703338
918	0.839356
919	0.846678
920	0.852067
921	0.847619
922	0.771736
923	0.747296
924	0.809879
925	0.835414
926	0.786693
927	0.800668
928	0.795095
929	0.778945
930	0.777484
931	0.692913
932	0.861657
933	0.779066
934	0.827627
935	0.737527
936	0.745037
937	0.866301
938	0.778895
939	0.750052
940	0.837489
941	0.768012
942	0.836157
943	0.69774
944	0.832331
945	0.841732
946	0.767238
947	0.768211
948	0.889399
949	0.87319
950	0.818934
951	0.769571
952	0.836247
953	0.856297
954	0.76672
955	0.823626
956	0.808591
957	0.818917
958	0.708404
959	0.724323
960	0.799925
961	0.733135
962	0.76993
963	0.869798
964	0.778383
965	0.823822
966	0.798025
967	0.727829
968	0.834381
969	0.753025
970	0.801773
971	0.761255
972	0.84077
973	0.738657
974	0.736756
975	0.784617
976	0.825136
977	0.884698
978	0.865928
979	0.820552
980	0.839787
981	0.847781
982	0.87577
983	0.871461
984	0.69467
985	0.7661
986	0.760258
987	0.853431
988	0.805819
989	0.763102
990	0.77474
991	0.837023
992	0.800925
993	0.716309
994	0.781999
995	0.834289
996	0.831808
997	0.846181
998	0.796259
999	0.753493
