1000
0	528	0.9931757026651534	93	1.0615587203508983	791	1.0711357003270048	
1	22	1.0705631290792743	36	1.1197214575738783	807	1.123821076619504	
2	85	1.0617391425561702	76	1.0716053424041483	96	1.0766314842644469	
3	573	1.0749743069789988	933	1.1064073953272715	69	1.1096392170170184	
4	22	1.0395130479945842	903	1.0528955884203222	334	1.0699775608800404	
5	87	1.0556076223676867	194	1.0590286462089245	934	1.078407695327799	
6	93	1.1070049720389645	680	1.1213694710533333	135	1.129969209394586	
7	70	0.9871286394525943	85	1.0239704633591276	903	1.043836650401203	
8	261	1.0289900079293943	567	1.0357141977925315	791	1.0524849763159474	
9	261	1.0338512760319816	609	1.077495688478703	81	1.089847597301996	
10	444	1.042960937729985	771	1.0466567566601948	91	1.084784540129372	
11	99	1.0600125196560537	161	1.1039441320075527	737	1.1063855725373226	
12	286	0.9464790300469031	505	0.9774985862097665	357	1.0113436275112548	
13	144	0.9839069026363889	580	0.9927851538499026	93	1.0046393018428468	
14	451	1.118668651402223	34	1.1327334493891157	979	1.1345923453109812	
15	27	1.0798187104626602	93	1.086200596991688	904	1.09428509751216	
16	93	1.0339414884860558	934	1.0364989063120396	884	1.042721884852273	
17	976	1.0364871668635405	585	1.0451705684483943	70	1.0456464486905657	
18	77	1.001035493608204	22	1.0437094338676276	68	1.0451678549523764	
19	52	1.0085840320026764	399	1.047746967298812	702	1.0501181071920136	
20	367	1.1317399217258364	145	1.1410375916450781	680	1.1692068675927831	
21	61	1.0002076669769675	85	1.0295388525353553	69	1.0310039840389438	
22	903	0.9444242914216052	882	0.9760779790008086	216	0.9818928278701808	
23	161	1.1011074300624686	25	1.1066437242246256	635	1.1069833331255197	
24	71	1.0559920258938675	36	1.0603757896249155	122	1.0664265926741072	
25	761	0.9942129205849624	635	1.0087577240205423	959	1.0188332260119521	
26	55	0.9947331744487565	307	1.0738423613374293	190	1.0883080035003243	
27	71	1.0358787199961255	309	1.046314190082263	22	1.0579101823648442	
28	208	1.027754298683741	467	1.0294758984547232	69	1.0317986008129507	
29	444	1.0535522544467748	218	1.0812734412375071	94	1.0896525533722643	
30	82	1.0262166631529182	262	1.0470195881943873	21	1.066677286826157	
31	308	1.1179023342992336	63	1.1323441410109705	18	1.1384469556743333	
32	89	1.0446599370940022	82	1.0852136927113103	904	1.0999106992931083	
33	308	1.0559465366440646	63	1.116092736465547	967	1.1276928061484752	
34	42	0.9128924423710453	96	0.9252784764453101	904	0.9954584113086454	
35	569	1.0789106550314542	706	1.107032524630376	837	1.1086469349068826	
36	50	1.0129548047064967	22	1.0166740672540366	144	1.0437736000518716	
37	65	1.093162431491008	807	1.104579098698195	224	1.107113708797521	
38	144	0.9887233122631635	278	1.0110863777080004	431	1.0118495244366656	
39	567	1.028945591852301	467	1.0554505557503355	564	1.0746619239418589	
40	837	1.10506665062212	110	1.115782668643575	194	1.1161257919952954	
41	163	1.0659040625255003	409	1.078405092031148	70	1.0936621742632915	
42	34	0.9128924423710453	93	0.96021942387874	480	0.9926442836921389	
43	904	1.0261031782932875	363	1.0473073042276289	34	1.0592699214201768	
44	580	1.0638839252727739	30	1.0806263317461995	8	1.0957820354541543	
45	792	1.1146839021412205	631	1.115567146522807	17	1.1165758386632192	
46	57	1.1215171277412508	771	1.1281350894859807	12	1.1365820575852996	
47	93	1.0691934282287119	416	1.0747555399710649	292	1.0777963287982149	
48	71	1.0636107709515747	78	1.132731040838903	311	1.1342156196727817	
49	608	1.0946392660452042	505	1.0968955802833247	360	1.0980512195116832	
50	82	1.0098801021595611	36	1.0129548047064967	57	1.0311316225436404	
51	331	1.047675327098484	616	1.0542245173671727	562	1.063418245193633	
52	19	1.0085840320026764	434	1.0320798749983253	398	1.049012972551092	
53	155	1.0769287844468005	480	1.0923519104341999	366	1.0969302385891155	
54	93	1.1061694274106155	771	1.1273881423497614	172	1.1525492112862126	
55	26	0.9947331744487565	680	1.0043237044152853	610	1.0460092284345008	
56	22	1.075753373904866	488	1.1031382650206014	410	1.1121254048771883	
57	50	1.0311316225436404	904	1.038061024390415	564	1.0399922902138425	
58	68	1.0836784338061909	662	1.0846285062575365	989	1.0897192243840306	
59	502	1.0462796729386306	628	1.0685903177017346	556	1.0762848631433228	
60	457	1.1062650360254789	38	1.1176825166397257	788	1.1182294971507547	
61	21	1.0002076669769675	366	1.0457139332420864	301	1.053925875894547	
62	247	1.0676857506960076	695	1.0775899037296548	104	1.1001544587264513	
63	580	1.0450828803559415	22	1.0779105220143124	761	1.0800930588699718	
64	38	1.0241021280694498	59	1.0951670245744514	82	1.1148864338952016	
65	37	1.093162431491008	570	1.1238793130259117	161	1.1249845578667141	
66	308	1.1755705943070411	94	1.177080441691158	96	1.1946147429781397	
67	771	1.1138882291596064	82	1.1645061304773427	706	1.1707546690833968	
68	18	1.0451678549523764	93	1.0611004334879883	58	1.0836784338061909	
69	74	1.0127556629071721	21	1.0310039840389438	28	1.0317986008129507	
70	7	0.9871286394525943	71	1.021566910000671	317	1.0347196322065673	
71	70	1.021566910000671	882	1.0247596281889968	672	1.0284668670090449	
72	631	1.0672506400689545	882	1.070759624258957	273	1.0731206890468197	
73	275	1.1385806705982915	218	1.1682699443871944	71	1.177217786130953	
74	69	1.0127556629071721	12	1.0404869639570256	293	1.0778011266702867	
75	36	1.0860608374850726	22	1.0984089825670675	28	1.148709792076411	
76	488	0.9909706795507718	22	1.0152432960115867	93	1.0496662316602299	
77	18	1.001035493608204	12	1.0244496092661979	480	1.078563766931809	
78	70	1.0631641231307187	771	1.0821788229443352	727	1.0873177462077181	
79	806	1.0525355841129203	93	1.1063432761015146	360	1.111898134879194	
80	129	1.1060309721653308	600	1.1269103201013693	771	1.1371585414521603	
81	298	1.0427839823694118	360	1.0457953036370011	819	1.052594181107508	
82	357	0.9850755545032499	208	1.001121229156771	50	1.0098801021595611	
83	443	1.030020192520322	22	1.03284520487596	371	1.0345346935317505	
84	209	1.0404738795929958	620	1.0963947451937524	18	1.1075962736304932	
85	7	1.0239704633591276	21	1.0295388525353553	93	1.0502858921702178	
86	480	1.0313762468927223	141	1.044459352761846	959	1.0605111997514782	
87	5	1.0556076223676867	354	1.0844702199511032	767	1.0989701709399107	
88	194	1.1131437086226275	528	1.132413055864042	257	1.1394421932634546	
89	32	1.0446599370940022	325	1.0685276034314453	96	1.0732825520489255	
90	78	1.1083032810937508	21	1.1159114344411478	7	1.1201686973419487	
91	161	1.0745862332576075	407	1.0810078090829691	10	1.084784540129372	
92	451	1.0820952114452669	21	1.0903007412644878	794	1.1226871625442894	
93	42	0.96021942387874	162	0.977228660708165	870	0.9825132633075185	
94	455	1.0058111750005034	882	1.0146329868486479	12	1.026374478421032	
95	179	1.01158886801784	93	1.0665258557529482	771	1.0751921435029637	
96	34	0.9252784764453101	22	0.9954431801034355	914	1.0071056663203548	
97	155	1.0988614512575297	366	1.1131431064911523	55	1.117831561862632	
98	399	1.0581686298816289	43	1.0597932992242423	110	1.0978433680428845	
99	714	0.9793924662151815	864	1.0158192594973892	110	1.026532337507581	
100	190	1.0259794031329608	562	1.070747695464367	528	1.0730279790736077	
101	218	1.1043059687298329	10	1.108798808540335	176	1.1575152870221639	
102	196	1.106497760232042	467	1.126168970759904	145	1.1367455280898966	
103	311	1.0385449198413699	410	1.060394845428326	635	1.0638771111571543	
104	143	1.0143883102205975	467	1.0716360523118975	771	1.0793539220466404	
105	143	1.0772392890947786	519	1.112089714213451	189	1.12605390544544	
106	645	1.0815777427901785	190	1.0868547253424259	210	1.118650599248341	
107	788	1.1267352895563065	434	1.1269404424181066	996	1.1334144885891522	
108	161	1.0898802738050615	135	1.1134660978273547	129	1.1151998277731423	
109	176	1.0876511215649158	325	1.0884163999822165	286	1.0960918179897208	
110	145	0.9353088226515792	155	0.9825345103335402	562	1.011812859518444	
111	38	1.0542362498436206	967	1.079937982318247	935	1.1051667863509294	
112	132	1.0679949163890272	721	1.1239929542447034	182	1.1307532345192084	
113	110	1.0179538206865821	620	1.0233203968750548	337	1.0286224466722833	
114	130	1.0212473655167202	161	1.043387900358919	967	1.0515356913638492	
115	991	1.0992369622017357	279	1.119553864936092	382	1.1438030763042517	
116	145	1.0968306689010268	147	1.109443229919901	178	1.1152654213372102	
117	145	1.0619128398111577	904	1.0875833116377884	177	1.1000984170812154	
118	147	1.0218699307476176	143	1.0333073127486276	624	1.037345892944722	
119	82	1.1223847211769806	173	1.1241836870947661	145	1.1299300462625157	
120	236	1.0854400704506655	147	1.1055657161048682	206	1.109766654628986	
121	145	1.0736789204621247	767	1.0939972846069497	165	1.1027020774869378	
122	801	1.0373811872441994	24	1.0664265926741072	806	1.0704524203222023	
123	930	1.0795481443981123	135	1.108087303098728	161	1.1181019152491707	
124	721	1.0694508634530853	162	1.120291042314819	194	1.1226509693837963	
125	701	1.0004614364244926	903	1.051211668467631	695	1.0630352908711396	
126	325	1.0566170046290402	155	1.0866672500672903	147	1.0902830122278127	
127	293	1.071126159859139	837	1.08894555166139	556	1.0927711698358018	
128	482	1.0565835841160656	144	1.0637897398939091	194	1.0638530110883522	
129	721	0.9930771448719854	145	1.0142010050861188	293	1.0220586328751067	
130	767	1.018094913650532	114	1.0212473655167202	118	1.0565466947725755	
131	145	1.1101238303540653	135	1.1247198020248625	110	1.144012024997871	
132	112	1.0679949163890272	363	1.0682971060917061	142	1.0828970021939441	
133	611	1.0582502507996534	143	1.0676280733398753	186	1.077780908104606	
134	141	1.0546518290278037	293	1.0564861521461604	135	1.0763501848421044	
135	932	0.9870814583057358	159	1.0333656759644032	145	1.041220376388564	
136	444	1.0655576964747608	882	1.082175140517793	767	1.0903714006269913	
137	176	1.1031996823532664	190	1.1310776757190437	662	1.147081698081509	
138	159	1.034246985012686	293	1.0777057901161475	135	1.0777479128094514	
139	190	1.066207352256658	104	1.1173457951161052	136	1.1324188265984352	
140	125	1.0644608328277179	457	1.077554387815315	185	1.0943374769617749	
141	145	0.913611609067877	882	0.9654193988828538	635	1.009623051552943	
142	656	1.0431944312751722	129	1.0656389867671463	171	1.08066811485588	
143	104	1.0143883102205975	118	1.0333073127486276	165	1.0491558730077963	
144	252	0.9832889906192853	13	0.9839069026363889	38	0.9887233122631635	
145	141	0.913611609067877	110	0.9353088226515792	165	0.9626220872699109	
146	767	1.0019092938326875	172	1.1213020028016472	293	1.1297224304359246	
147	672	0.9108463172894788	471	0.9735434146987616	162	0.9753549760645049	
148	293	1.145178563831598	129	1.1470945323781563	261	1.1498082586605098	
149	175	0.9981806047683756	172	1.0623491842864865	626	1.0946768420829593	
150	155	1.1280953991752285	110	1.1465460332730955	147	1.1617202291240005	
151	359	1.1264737508855822	121	1.1452294266927314	837	1.1587144534763991	
152	682	1.0520541413853977	882	1.0702564095004665	161	1.0741702313853143	
153	155	1.0424853170130985	935	1.0437419633124088	170	1.0507752384692188	
154	291	1.0454409667718532	113	1.067810806772718	369	1.0719065806113433	
155	110	0.9825345103335402	145	0.9902766377899013	562	1.0295320706310436	
156	184	1.0922909824618598	155	1.1172672232318284	134	1.1328252909759093	
157	145	0.9690438097431777	567	1.0416288533422722	134	1.0844699813593457	
158	786	1.0912432927360565	293	1.1014347569057175	620	1.1023599079847037	
159	147	0.9965074241102214	771	1.014617144720221	664	1.0249672579321105	
160	141	1.0956214731393283	161	1.1373234984945013	292	1.1425173966024518	
161	172	0.9820133796364088	331	0.9908151392824404	620	1.0099976717612065	
162	147	0.9753549760645049	93	0.977228660708165	467	0.9996539547774252	
163	41	1.0659040625255003	114	1.0760599850733856	257	1.0858052365188804	
164	147	1.084097962248735	136	1.0977930653590848	118	1.1149265857030903	
165	145	0.9626220872699109	143	1.0491558730077963	34	1.074799469929784	
166	506	1.0364820951836848	186	1.0641529560250649	147	1.067441032808985	
167	147	1.153431028988155	159	1.1928497931308601	989	1.1941219238305905	
168	144	1.1071423524727142	252	1.125611043807354	492	1.1505919961073952	
169	672	1.0835795056840425	904	1.1030737150328913	71	1.1047121436298057	
170	153	1.0507752384692188	130	1.1040994092383651	431	1.1054170657826026	
171	609	1.0580698095513998	142	1.08066811485588	145	1.1228401267987445	
172	161	0.9820133796364088	472	1.0507836910216448	463	1.0533338995989836	
173	191	1.033849784618346	145	1.0532669775283017	206	1.0645018965321569	
174	425	1.109772901490522	209	1.1102071938623437	664	1.123696706928573	
175	149	0.9981806047683756	182	1.0897032870603003	147	1.094119390169611	
176	609	1.0095565552926717	143	1.0548118053927547	161	1.0661270642929732	
177	117	1.1000984170812154	293	1.106953599783969	141	1.1260390250391	
178	147	1.0680012169029909	261	1.1029344603754274	287	1.1089631865318976	
179	95	1.01158886801784	253	1.0483102829429822	536	1.0817299099381592	
180	788	1.1198878791466251	191	1.1302286651682028	117	1.1393190909077366	
181	721	1.0465631912078772	129	1.0680444091117731	374	1.0737905305100752	
182	22	1.0403340262197847	788	1.0663174729466365	767	1.0758887030440274	
183	145	1.0751949136694552	815	1.0842960357674731	118	1.0937458765904935	
184	694	1.0726079039867964	156	1.0922909824618598	125	1.099219161649778	
185	788	1.0695000587909704	767	1.0725528426881665	140	1.0943374769617749	
186	252	1.0544457391160178	172	1.0593415593211046	635	1.0619521756079748	
187	518	1.0408758428858547	588	1.056919761906799	145	1.0684076921951273	
188	110	1.0624840052560107	141	1.0651192368535864	135	1.0696744067671402	
189	141	1.0770525560884372	145	1.1086439250879299	194	1.1137191430969429	
190	147	1.009779497208454	444	1.0161224564823725	100	1.0259794031329608	
191	145	0.9753554426218922	173	1.033849784618346	309	1.0446465861527534	
192	467	1.102049034685724	504	1.106408814212006	788	1.1128356027287063	
193	480	1.148409941690253	457	1.1522912688735465	400	1.1588254238237217	
194	898	1.0012390417188566	246	1.0187913171551641	290	1.0229743053437041	
195	882	0.9736707515275177	293	1.0232231500819509	451	1.0280838284215035	
196	218	0.9811683978718918	145	0.9940483781429976	236	1.0161457919828587	
197	771	1.0373355932410377	194	1.0558306950836336	236	1.0701478499982966	
198	967	1.0543255194725694	145	1.061097588590646	924	1.0673838657561945	
199	291	1.083602416741945	750	1.1427165545717703	196	1.155912077139096	
200	252	1.1015511930880213	144	1.1061232210731797	218	1.1126405292454715	
201	241	1.0702026829083195	794	1.0776677634286864	293	1.0824688093500636	
202	145	1.0097659613200887	311	1.0318568161419874	110	1.036370156147803	
203	989	1.1027339545673598	300	1.1665762917072824	913	1.1882797854580114	
204	283	1.0831986007964243	954	1.1289602172936148	13	1.136750291708752	
205	93	1.0301330423219226	976	1.0434284647790744	915	1.0500676766256127	
206	216	0.9489339119754259	145	0.969658508186898	620	1.010572444419229	
207	278	1.0566661660071104	208	1.0702122405318728	748	1.0744855671809674	
208	145	0.9815425206173823	218	0.987108655803183	357	0.995669923830414	
209	635	1.031647672347591	84	1.0404738795929958	451	1.0454514961341934	
210	967	1.041198661903032	930	1.090893081611041	194	1.0962650059773658	
211	528	1.0631562174124765	145	1.0640606208558991	467	1.0766955713491175	
212	261	1.0083270697457105	903	1.0864943328787897	70	1.090372851060547	
213	225	1.0426766543526806	775	1.052450532980325	904	1.0536515659495898	
214	882	1.1193338673671474	242	1.1203341463552028	245	1.1221158872631727	
215	229	1.0389099299676339	989	1.051544085495857	662	1.0672096767273507	
216	206	0.9489339119754259	22	0.9818928278701808	145	0.9854501677658805	
217	218	1.065963851405067	122	1.102082492675392	367	1.113733908988756	
218	145	0.9683484726733177	196	0.9811683978718918	275	0.9852268433441517	
219	286	1.1181851067763149	273	1.131105313673039	278	1.1443409227758323	
220	903	1.0714950596245534	930	1.0802084085521524	276	1.0882820865452725	
221	278	1.0586489570949398	218	1.1422570960024074	788	1.1805411772241916	
222	201	1.104610536876078	275	1.1089331119244792	279	1.1277569159052472	
223	410	1.041332454874039	859	1.048468648057146	34	1.0647057142361132	
224	562	0.963963996129123	957	1.014123302879129	714	1.0193665993071666	
225	263	0.996393809273742	208	1.0311804931256032	588	1.0319559592959822	
226	290	1.106495979787714	144	1.1356739398145796	194	1.1453433524864576	
227	631	1.158973910067289	236	1.175627112500806	72	1.1770992865414516	
228	28	1.1370167932585633	819	1.139572714340198	261	1.1452141791501662	
229	232	0.9685449214229566	288	0.9829663509436932	791	0.9843893259348644	
230	299	1.0462200126772978	22	1.0829055349945138	344	1.0961586598602309	
231	278	1.08493380250522	359	1.0868633752268104	243	1.1081422604450615	
232	229	0.9685449214229566	293	0.9712475771685364	721	1.0371323259827057	
233	293	1.0398879620573656	360	1.0631800301481964	239	1.064191558749666	
234	261	1.171218657309677	290	1.1725627561437348	791	1.1728149975732582	
235	22	0.9901135356283152	658	1.0557666047129155	780	1.0662986883671415	
236	288	0.9684688401559025	999	0.9688429704586304	196	1.0161457919828587	
237	724	1.0794173047426074	283	1.0982961970961234	820	1.1040282669534869	
238	959	1.045738681431922	202	1.049678443650311	721	1.0616432525760473	
239	293	0.981709274946643	289	1.0200350327717214	236	1.060628201662155	
240	325	1.0576784465599696	298	1.098904093867938	206	1.1058313350503466	
241	387	1.0598381857503971	208	1.066417822245659	201	1.0702026829083195	
242	859	1.0674368627688164	293	1.0679623909114324	223	1.0997710781530956	
243	292	1.0149259969880096	359	1.0197673320085194	208	1.0258164491195774	
244	580	1.0029881443687572	325	1.0413689513370545	431	1.0433130410430227	
245	966	1.0812792668161275	286	1.0897805707167934	767	1.0914724168099388	
246	194	1.0187913171551641	820	1.1007392075979356	491	1.1117536675861046	
247	261	1.0285337416122344	664	1.050038206240984	695	1.051195734263333	
248	218	1.133288258082523	275	1.212911103958582	274	1.212931523387198	
249	218	1.0244599066514901	243	1.0384647157648133	766	1.1036767047282223	
250	325	1.0232585884837824	281	1.0471336400321734	55	1.0902734290664775	
251	480	1.0892832905306362	562	1.1063668279747536	229	1.109337492633124	
252	144	0.9832889906192853	186	1.0544457391160178	927	1.0649492746122262	
253	480	1.0461108455661736	145	1.046476726138023	293	1.048130454398556	
254	293	1.0748913306824093	261	1.0750988083401736	820	1.0838646896234607	
255	205	1.1538102964812145	237	1.1675083737397387	263	1.171913223459186	
256	243	1.0610425771320193	249	1.1041780074553653	93	1.1065755849173176	
257	829	1.0526758760694557	958	1.0593754443150065	714	1.0669883106894358	
258	806	1.0425916240394533	224	1.0764229751999512	680	1.0853211497623245	
259	273	1.1039909236903507	295	1.1193451552824885	218	1.1371277566931683	
260	884	1.0602475737816912	293	1.075149479753951	806	1.0807339800415805	
261	293	0.9433182920288217	664	0.9511997771986663	264	0.9583302447118486	
262	30	1.0470195881943873	266	1.065834944826841	261	1.1126216690828763	
263	225	0.996393809273742	451	0.9971354599028838	208	0.9971745401621258	
264	261	0.9583302447118486	286	1.034977219450066	575	1.0433366358023404	
265	766	1.1271283750508396	775	1.1446724249963152	661	1.1555880415614632	
266	93	1.0626041893376512	262	1.065834944826841	293	1.0667842521150839	
267	145	1.0744351718229783	278	1.1013336905930498	273	1.10713941589787	
268	935	1.102027906351092	467	1.1097095359556317	958	1.1158311318561847	
269	229	1.1073176852937352	218	1.1180641425501519	263	1.1182576207763721	
270	492	1.0202642349205142	206	1.032264188992211	218	1.0450043030111857	
271	448	1.0824092872693045	286	1.1236511345470266	257	1.1253876253855823	
272	450	1.0490237950611383	257	1.070947804711352	958	1.074461143784319	
273	665	1.0189020848453025	93	1.0214134980421359	448	1.0223872492902049	
274	714	1.0818947444943716	208	1.0908226113355226	292	1.0950801795444853	
275	218	0.9852268433441517	261	1.0370064361892246	278	1.040125390222194	
276	620	1.056968449198454	145	1.075749091098898	232	1.0776116450566262	
277	293	1.061451155781437	602	1.0802403196776782	284	1.0868639603679113	
278	145	0.9996213154112528	22	1.0107276088320074	38	1.0110863777080004	
279	746	1.014762475162404	761	1.0292998609917925	680	1.035971776707323	
280	620	1.0846000009001528	958	1.0864497909547979	976	1.0879734827559098	
281	250	1.0471336400321734	966	1.0835819873045802	959	1.0906196047101586	
282	680	1.0657877492710586	22	1.072381412386832	147	1.0902370814397837	
283	915	1.0256612755013854	399	1.0337529442160895	755	1.038500079966481	
284	481	1.0734861791540555	288	1.0776397492957488	412	1.0823685581051634	
285	293	1.0719677083132302	823	1.0908112504956686	680	1.0954977561506505	
286	12	0.9464790300469031	292	0.9988352881254499	22	1.0063491511461726	
287	360	0.9668432776861536	882	1.032748648995584	229	1.0494078621620127	
288	236	0.9684688401559025	229	0.9829663509436932	903	1.0484264512845594	
289	293	1.0073993432038855	239	1.0200350327717214	261	1.0229343891080636	
290	662	1.0152615590395127	194	1.0229743053437041	261	1.0462242480700192	
291	263	1.033404921042487	154	1.0454409667718532	218	1.0677276408623875	
292	286	0.9988352881254499	243	1.0149259969880096	236	1.0362248400006686	
293	261	0.9433182920288217	145	0.9692017317792978	959	0.9701333121165325	
294	529	1.0452247985754874	901	1.0498546467990073	761	1.0511657964028807	
295	218	1.018168484634776	311	1.0216190633143072	208	1.0357924673717271	
296	218	1.0073605882935748	647	1.0357576436067284	767	1.0561928128081912	
297	620	1.0891627173558431	343	1.1234489256285574	299	1.1236273170259516	
298	806	1.0107022219427713	218	1.0412693075086166	81	1.0427839823694118	
299	363	1.0256270808355092	230	1.0462200126772978	283	1.0632027264590316	
300	393	1.045101320133331	588	1.0500504039255856	145	1.061604725439771	
301	293	0.9896185982854921	605	0.99811428958659	304	1.003483583764347	
302	562	0.9902663456507103	110	1.0230163137250319	721	1.033885211145076	
303	311	1.0987098565103108	301	1.10472461689489	374	1.125571729580272	
304	301	1.003483583764347	613	1.0536428255665362	257	1.067601879473842	
305	386	1.1210784192398153	444	1.1303767340917195	311	1.1308333911964235	
306	882	1.0456877280496422	396	1.0669146765498843	346	1.0719224080917569	
307	664	1.0561297650686403	529	1.0690603859607186	399	1.070207327558144	
308	399	0.9983414023656595	696	1.032441884497151	367	1.0387227993768275	
309	806	0.9426660758953133	959	1.0083538615503285	907	1.013042895233944	
310	620	1.039601131677205	315	1.0897046884201762	355	1.0906769663877531	
311	882	0.9904836075162174	377	1.010848833835887	337	1.0119236844470156	
312	309	1.081685287811872	333	1.1327674399676062	775	1.133672938395842	
313	16	1.0599497765411727	767	1.0910734881340758	152	1.0929667684332525	
314	366	1.0510457502242507	355	1.0779741956772129	315	1.0815673676922208	
315	366	1.0445906185716378	301	1.0460174307618815	357	1.054055025340756	
316	339	1.0479473386521303	364	1.0608131697927665	959	1.0658980211409772	
317	903	1.0066516076566514	70	1.0347196322065673	394	1.057256451031425	
318	311	1.0338130265031733	360	1.0563063668316743	355	1.0623160485224679	
319	329	1.0319496280284235	387	1.0414960708852246	350	1.073161771597977	
320	366	1.0427701158152491	357	1.050865120574508	909	1.0562985624302648	
321	629	1.0187544673215918	552	1.021824911409952	38	1.0236307455704616	
322	293	1.0343606471124696	344	1.052984606783965	332	1.0749548494230066	
323	325	1.0118097487210784	554	1.123398234410907	992	1.1311073823119908	
324	562	1.1510208037916028	597	1.1721310578798398	883	1.1879098697575177	
325	147	0.9834809973205372	580	0.9873173384371405	761	1.0105545236330327	
326	354	1.0822243141888779	318	1.0978009494228862	93	1.0979730343394443	
327	903	1.013146038237059	245	1.122040043618673	334	1.1245855246039769	
328	422	1.0570454519948225	355	1.1373733090299694	319	1.1439783238246082	
329	360	1.030669399622476	319	1.0319496280284235	301	1.0565842886496906	
330	309	1.0775413127245412	384	1.0802286974968824	346	1.0904506977193138	
331	161	0.9908151392824404	664	1.0217773828431647	620	1.0224694640260086	
332	386	1.0169841038539302	672	1.0282775760790708	141	1.0326017624028883	
333	398	1.0490385219353566	989	1.0674188233204591	360	1.0754349273139947	
334	145	1.061814379086031	393	1.0645268199484073	325	1.0650198664471406	
335	362	1.0399090175996133	399	1.0522257178040868	314	1.0891053755835833	
336	172	1.1442557739707708	346	1.1491806039753851	229	1.1747463416801374	
337	311	1.0119236844470156	113	1.0286224466722833	141	1.0490849511037936	
338	399	1.0443001174308832	380	1.0787472714634287	325	1.0979466413147294	
339	316	1.0479473386521303	562	1.0737266225429114	390	1.0743358283109998	
340	308	1.0856715000742247	147	1.0899956154969896	309	1.1196561003108476	
341	16	1.0718762980337229	632	1.0887053849682873	311	1.0943077879916014	
342	389	1.06848350605718	93	1.0738734423959782	999	1.0860502722290748	
343	755	1.0279237428667718	967	1.0395116102178688	741	1.0517169132724231	
344	322	1.052984606783965	141	1.085120079247497	230	1.0961586598602309	
345	322	1.1264902025256414	662	1.1331165992167571	61	1.1436145657877739	
346	293	1.0290935258206364	386	1.0455250883989462	791	1.0565751948685074	
347	145	1.080748177237595	528	1.108774342821108	767	1.1158370829571131	
348	934	1.0170252940165883	293	1.0204318437911712	748	1.042128762363783	
349	350	1.089523596911921	921	1.0916909195293723	261	1.0947991778330353	
350	387	1.0525175419208554	332	1.067474808475046	319	1.073161771597977	
351	311	1.0504863313646424	811	1.0917933710232477	71	1.1039327893699202	
352	93	1.0458887277489426	16	1.0750260880167404	315	1.095147947917199	
353	162	1.0792065466026268	721	1.0799561175354078	883	1.0872080832992468	
354	399	1.0330871740207648	934	1.0524539175460945	355	1.0566193914187085	
355	649	1.0356159875319741	301	1.0406284731578561	413	1.041760120621792	
356	332	1.1637305139143301	355	1.2142496428406366	342	1.2199108642085323	
357	82	0.9850755545032499	208	0.995669923830414	12	1.0113436275112548	
358	580	1.0831751536583725	309	1.0875722590109431	578	1.0893018720217007	
359	635	0.9714960986785772	377	1.0167182342843784	243	1.0197673320085194	
360	287	0.9668432776861536	261	0.9705171243243811	444	1.0044878775430703	
361	208	1.0420354829005853	309	1.1242124203010724	218	1.1374101265974712	
362	335	1.0399090175996133	406	1.0600719823850058	652	1.079592447120283	
363	934	1.0190022521749331	959	1.0196519430339512	299	1.0256270808355092	
364	316	1.0608131697927665	354	1.0863157851847929	325	1.0981591411395522	
365	388	1.1361798682886477	767	1.1402723894379303	313	1.1527082483298763	
366	320	1.0427701158152491	967	1.0429570662173464	315	1.0445906185716378	
367	665	1.0079844248309109	837	1.0292145846183698	308	1.0387227993768275	
368	357	1.0157814162738892	424	1.0674996103516183	737	1.0835210957674974	
369	263	1.0216330320203713	596	1.0618612386497275	514	1.0714366326456082	
370	315	1.1095171341816723	362	1.1306851621732443	321	1.1411858215276853	
371	374	0.9532857718921267	22	1.0041858249987785	575	1.0106521607806598	
372	321	1.0871072488235334	145	1.0914474165411236	110	1.1013756655941156	
373	459	1.0808973027984867	27	1.0836680098711637	794	1.0864304204221167	
374	371	0.9532857718921267	325	1.0162429741866887	516	1.0336110860123606	
375	448	1.0635973575309166	399	1.0793828607957496	409	1.0841712137751762	
376	620	1.1101597153603238	652	1.1170002170648055	662	1.1369356245823103	
377	311	1.010848833835887	359	1.0167182342843784	337	1.0665023237992814	
378	318	1.0836999148434034	357	1.131714897086518	283	1.1460796703671454	
379	664	1.1361896517789158	399	1.1410825741896022	338	1.1688979811522642	
380	338	1.0787472714634287	325	1.0803984075864699	261	1.095849543344692	
381	967	1.1595703438047364	570	1.163411952271941	714	1.1772122782774865	
382	145	1.0840407217075851	306	1.0870561688511138	334	1.0894182274568454	
383	145	1.034947402844032	155	1.0655854788556451	412	1.0701674208684857	
384	355	1.0418130156189693	330	1.0802286974968824	334	1.0897846444390837	
385	314	1.1649793576305782	322	1.1685495137029054	315	1.1986812298623206	
386	332	1.0169841038539302	662	1.0354318430412064	346	1.0455250883989462	
387	301	1.0272320622360747	319	1.0414960708852246	761	1.0415516145983978	
388	399	1.0551683583276812	145	1.070263575305369	355	1.0849959306354353	
389	342	1.06848350605718	367	1.0708191961350868	309	1.0819127993413318	
390	147	0.9784297858852051	423	1.044613358188343	903	1.0452723915827753	
391	556	0.9965355722505747	903	1.045840751110789	999	1.1196566963661139	
392	294	1.1163539764827795	396	1.119890933845691	24	1.1255282056811673	
393	300	1.045101320133331	569	1.0481453855026872	990	1.0623352064816594	
394	317	1.057256451031425	355	1.0905766619417985	999	1.0923824188505304	
395	147	1.0459214482128052	444	1.0476196771096296	357	1.0738528860305958	
396	34	1.0277352057435858	309	1.0465303346167052	407	1.0475028394451582	
397	396	1.1004097709707612	302	1.169419558900656	328	1.170201804652067	
398	771	1.0049796162772604	444	1.0274869500359995	664	1.0313298315654518	
399	958	0.9853976949610549	308	0.9983414023656595	110	1.0212912487722987	
400	480	1.0485573257770517	934	1.1040939134290384	155	1.110369028747462	
401	485	1.1127815922255138	225	1.1144579768985645	22	1.1268506911912872	
402	496	1.056732175261952	473	1.0866559922247567	465	1.0907932447271604	
403	658	1.120995669828233	444	1.122505450513045	416	1.1365933389533078	
404	714	1.002026647656723	576	1.0336404392716396	434	1.045707077705216	
405	427	1.0093757089967685	434	1.0705171721821507	444	1.0820891974300384	
406	664	1.0131187712160314	448	1.0211179898390272	362	1.0600719823850058	
407	776	0.9836891608540359	562	0.9998968421714207	473	1.0259528689247428	
408	425	1.1233129268252056	524	1.1267160335157624	562	1.1302842220007394	
409	261	1.0323519707142905	492	1.0382970566607121	444	1.0447636001102092	
410	504	0.9114769185701588	765	0.9729281692348327	708	1.0114365604980198	
411	444	1.1080465441833716	566	1.128777643117438	213	1.1372455323223147	
412	417	1.0442175039647725	498	1.0634849221582623	34	1.067825682987981	
413	562	1.0241016151421736	664	1.0279779196258856	434	1.0381919019558723	
414	800	1.0536841072065197	431	1.0736729553814475	630	1.1043830614083976	
415	396	1.1103593670671001	301	1.1193476804401838	444	1.1336784346860698	
416	236	1.0429800717140507	144	1.0663114060851828	47	1.0747555399710649	
417	817	1.0123721545975233	894	1.0328204016291271	800	1.0344770422534604	
418	523	1.0755665577578477	427	1.0801567848369529	147	1.09259338088457	
419	113	1.1276633749366773	639	1.1451341363550704	366	1.1484431470468799	
420	263	1.063720239257517	451	1.0639292420479012	473	1.070896291967449	
421	455	0.9681181093341662	467	1.0795043433137355	993	1.0815304182784264	
422	328	1.0570454519948225	504	1.1115100133652829	417	1.1185197548944963	
423	390	1.044613358188343	903	1.0486865932957623	547	1.0544395957888903	
424	368	1.0674996103516183	444	1.0901832898232888	410	1.0983377459782055	
425	434	0.9829596623658815	496	1.023590375657529	806	1.0257159570691996	
426	946	1.1306090859570883	438	1.1544839951913786	451	1.1565229179505754	
427	405	1.0093757089967685	466	1.0213217442887739	714	1.0716872827730726	
428	655	1.092969386528542	293	1.0999996375308543	448	1.1049545778853542	
429	404	1.110805426849931	792	1.1245891822928495	444	1.1558777304909067	
430	42	1.0250475534984358	904	1.0678315010852675	261	1.0762892405364561	
431	38	1.0118495244366656	904	1.0152715473242464	457	1.023880413087417	
432	470	1.0927695441031768	431	1.0929419297107006	278	1.103741329070779	
433	444	1.1143006560097797	293	1.1162459172948394	452	1.1179327254673137	
434	425	0.9829596623658815	903	1.0087666427181479	457	1.0199865080946953	
435	293	1.1164148564280492	444	1.1197022955161224	480	1.1289465389054232	
436	600	0.9846203807678303	144	1.0278682463684257	562	1.0391743347094287	
437	487	1.096470898887652	562	1.0980615388056347	454	1.0989292798399308	
438	457	1.0459878648459155	417	1.1169638888740132	431	1.117229146799239	
439	493	1.0775226598406904	13	1.0851822879961819	482	1.0887322449782342	
440	467	1.1585846119649625	573	1.1761683333174202	2	1.176475350466551	
441	467	1.0669631338995056	451	1.0672244341858863	544	1.0830744419302945	
442	637	1.0326975993188419	321	1.0872597730392364	967	1.0902516468148076	
443	473	0.9735416563772354	293	1.0125667565786236	83	1.030020192520322	
444	882	0.9432811985636336	504	0.9777966687200802	664	0.9989636668798108	
445	451	1.034127600414213	434	1.074059489711595	405	1.086250793783585	
446	468	1.0841509835490672	405	1.0884653994588354	409	1.1011800940543695	
447	480	1.0808405436432527	498	1.0869093526965037	427	1.1127718556239579	
448	882	0.9635789039747172	293	1.0125461664250475	22	1.0177883545218436	
449	423	1.0863738573451	496	1.1068073508666598	573	1.1360114682931328	
450	491	1.0285948488841021	309	1.0377439826726673	272	1.0490237950611383	
451	263	0.9971354599028838	195	1.0280838284215035	293	1.0302220629775036	
452	431	1.0466244064114256	410	1.059137355242933	417	1.0674064455652363	
453	473	0.986263295758533	494	1.0384062934764435	487	1.0450656570363406	
454	658	0.985894332214334	481	1.0795605866527962	664	1.085181645430202	
455	421	0.9681181093341662	94	1.0058111750005034	933	1.01043327786175	
456	194	1.0878546046900075	261	1.1027853678206572	441	1.1066399653251617	
457	444	1.0002634671577615	966	1.0010828257602264	904	1.0017638519836047	
458	473	1.1036001318269197	113	1.104857646938379	301	1.1143145227996465	
459	455	1.056058048053566	325	1.062000730422852	38	1.0672646452383898	
460	492	1.111735441878503	473	1.1134375956094567	568	1.127928999044944	
461	865	1.118616114740017	894	1.137853066311507	257	1.1480125102914154	
462	459	1.0769292936993682	958	1.0838170330690873	390	1.1054155239912635	
463	524	0.983321640907912	490	1.0499634803987496	172	1.0533338995989836	
464	938	1.0864288081496434	434	1.122429449626973	396	1.13139540061903	
465	402	1.0907932447271604	477	1.1259582034077298	444	1.1374508749225325	
466	427	1.0213217442887739	261	1.0555108082643119	38	1.081051993147609	
467	765	0.998826173169927	162	0.9996539547774252	491	1.0018650487686847	
468	490	1.0318480074426881	904	1.0511049844577052	620	1.058751754724047	
469	964	1.1026002383395965	946	1.1048265962657415	224	1.1055928770057795	
470	482	1.021998001886232	407	1.063732206555944	172	1.0829207824583613	
471	147	0.9735434146987616	524	1.0674629568325533	38	1.077894751458556	
472	293	1.0417568286480605	172	1.0507836910216448	443	1.0751602026144873	
473	443	0.9735416563772354	490	0.985670868540151	453	0.986263295758533	
474	721	1.0503213308113175	767	1.0901160054525543	791	1.1004522245641326	
475	162	1.0329563202499765	448	1.0700541060076665	914	1.08384942257423	
476	235	1.0942980625442251	490	1.0968308128976256	664	1.12311276818254	
477	86	1.08238082853802	471	1.0827046993625942	261	1.0837204948456411	
478	490	1.090904217422192	480	1.143372036547967	497	1.1459457781247224	
479	680	1.0198367925698275	301	1.0462390308123424	457	1.0590387556810528	
480	42	0.9926442836921389	580	0.994492108261999	882	1.0092779391903293	
481	974	0.9941006716663728	904	1.0047200495014053	602	1.0103629228349233	
482	470	1.021998001886232	635	1.0305152047502673	194	1.0312020831435627	
483	497	1.1269137660657775	431	1.1331862695624377	455	1.1480620602261222	
484	293	1.0303477979504758	662	1.1274102209426589	310	1.129511562779249	
485	473	1.0874317170383185	468	1.093755554261843	792	1.0939775861120355	
486	578	1.150570103571622	458	1.1516604819526863	491	1.1531499183381348	
487	448	1.0343712251325552	453	1.0450656570363406	455	1.045923538390142	
488	76	0.9909706795507718	93	1.0621130069158227	13	1.065849965368955	
489	658	1.11705396409788	453	1.1211891759971842	244	1.1253474643205414	
490	473	0.985670868540151	620	1.0161047336244753	468	1.0318480074426881	
491	467	1.0018650487686847	457	1.0244824939789863	450	1.0285948488841021	
492	270	1.0202642349205142	409	1.0382970566607121	658	1.0431237044072215	
493	113	1.074981753973134	439	1.0775226598406904	463	1.0822356344884523	
494	453	1.0384062934764435	194	1.0548956664092601	135	1.0745765017337432	
495	243	1.138088991460787	38	1.1402489484495404	145	1.1590572126484797	
496	425	1.023590375657529	434	1.0565982293326652	402	1.056732175261952	
497	573	1.05716267009402	436	1.0674443773664697	564	1.0930977133650899	
498	431	1.048412923988491	480	1.0501132505048718	412	1.0634849221582623	
499	427	1.0901053770128302	404	1.1087955969056331	209	1.1211225886067773	
500	293	1.1050218675744639	552	1.1104760770185995	580	1.111305684900825	
501	846	1.0883842265364465	580	1.1065109932403525	94	1.1079876767107015	
502	59	1.0462796729386306	933	1.084360071962138	817	1.0866186204956159	
503	810	1.0228570599528606	194	1.0410561911836984	767	1.045227611301271	
504	410	0.9114769185701588	444	0.9777966687200802	788	0.99895398635623	
505	12	0.9774985862097665	551	0.9831821504046424	771	0.9955529195689655	
506	166	1.0364820951836848	147	1.0939830553180114	145	1.0962000146052107	
507	562	0.9899617106056944	721	1.0935974368392303	609	1.13087147908475	
508	264	1.049255440955133	683	1.083509377687525	527	1.0867482917731184	
509	556	0.9641048022231126	525	1.0250052067789206	562	1.0589438016576038	
510	467	1.108842899033605	44	1.1128209950266634	145	1.1217308992377772	
511	145	1.1504585397577987	973	1.1516975294258065	759	1.1556871501983332	
512	543	0.9822711297681604	218	0.9939165602681382	540	1.010162276965838	
513	714	1.0307171664469268	224	1.069992871978756	999	1.0714113586783218	
514	369	1.0714366326456082	642	1.1325343178533334	544	1.1367476726591448	
515	934	1.0128898464149378	519	1.0794440920775445	198	1.09078281785862	
516	374	1.0336110860123606	806	1.0407492210821772	882	1.0462065182094777	
517	556	1.0520544736079238	562	1.0693031456057265	967	1.0907572880763496	
518	536	1.0185131409496966	187	1.0408758428858547	417	1.057763090156184	
519	556	0.9783213007186443	580	1.017534443177584	524	1.0428721678498845	
520	467	1.0729060320717616	229	1.0860878754262646	580	1.09308067890096	
521	765	1.0916650057874224	359	1.1170711430056757	721	1.123594164351422	
522	544	1.168433372786305	579	1.176015284863	505	1.1902855860354635	
523	418	1.0755665577578477	562	1.0904910318203558	466	1.1124687491722247	
524	463	0.983321640907912	567	1.0057526590259491	556	1.0115544946557822	
525	562	1.0247111553043382	509	1.0250052067789206	620	1.0257664869229832	
526	13	1.0758561470528043	505	1.0930120182543406	989	1.0930493690687815	
527	573	1.033836606486898	552	1.0395020157889168	533	1.0798340081424505	
528	576	0.9545950734266064	546	0.980516822221119	0	0.9931757026651534	
529	870	1.0430040167103578	294	1.0452247985754874	556	1.0559414356562409	
530	407	1.0970779009801346	505	1.0998884540485259	701	1.101496102604578	
531	455	1.0565592562665929	518	1.0735973840805169	529	1.1060999815418417	
532	761	1.1240423948626936	552	1.1245373019748626	526	1.1305477002822433	
533	567	1.0619357145273556	527	1.0798340081424505	566	1.0804985643519713	
534	723	1.022515932381257	767	1.0388435087287342	434	1.0510939228674891	
535	794	1.0340328371447718	761	1.049793495331312	216	1.0967233283793294	
536	967	1.007216940270389	518	1.0185131409496966	791	1.0288538588167861	
537	129	1.054741015978375	331	1.0864829953371529	620	1.1044990316024932	
538	504	1.057986844431498	903	1.127608199416573	423	1.1371523117103681	
539	544	1.045941594923714	519	1.0471600835358243	665	1.05611425314655	
540	572	1.0023968638549137	512	1.010162276965838	556	1.0259667121062483	
541	536	1.0821332232858276	883	1.09179447456184	218	1.0923961385896357	
542	481	1.0567522949785304	288	1.1115086056984869	261	1.111670826516387	
543	512	0.9822711297681604	562	1.0368863465925369	549	1.0389013107440068	
544	505	0.999003573995342	539	1.045941594923714	573	1.076433861163201	
545	692	1.1055387354874764	761	1.1181166400131322	535	1.1292053290943433	
546	528	0.980516822221119	572	1.0221611436951112	145	1.023179475718008	
547	592	1.004610752845451	794	1.038442083935139	567	1.0419819019723302	
548	480	1.081937452873967	512	1.0867920055406468	562	1.105896014382102	
549	562	1.0318589294482727	884	1.0378464321858645	543	1.0389013107440068	
550	145	1.0293629605118868	218	1.0785262614854978	278	1.104744508356529	
551	505	0.9831821504046424	580	1.019344723686744	546	1.044525968715022	
552	580	1.0168160328792701	321	1.021824911409952	578	1.0245377125651736	
553	12	1.1062000204699771	505	1.1298701625899414	567	1.1814506748771334	
554	562	1.036713443261445	771	1.064759910075826	786	1.079625034401046	
555	552	1.0518220115159693	562	1.1042930431016682	525	1.118748715548178	
556	509	0.9641048022231126	519	0.9783213007186443	391	0.9965355722505747	
557	567	1.087330903293501	229	1.1200961611533067	331	1.1202949890887421	
558	512	1.0559770341321943	504	1.070499597392045	556	1.0751039767701986	
559	588	1.1217145806754096	208	1.1232162365071043	261	1.1317901972127593	
560	541	1.0937067376160556	383	1.118829445138119	883	1.1361990558308808	
561	580	1.0218941287764718	145	1.0405079601889768	620	1.0721736446589332	
562	224	0.963963996129123	507	0.9899617106056944	302	0.9902663456507103	
563	959	1.0492228693177739	475	1.0917416563704145	355	1.0937590719610515	
564	57	1.0399922902138425	261	1.0676821889307917	39	1.0746619239418589	
565	286	1.1007655503312406	232	1.1278098375362013	791	1.1296307125024057	
566	145	1.0432624427044064	651	1.056713014523339	556	1.0603083628011203	
567	524	1.0057526590259491	39	1.028945591852301	8	1.0357141977925315	
568	286	1.0478771692354494	959	1.0492601154679755	292	1.0665412906223728	
569	145	0.9900618407677589	620	1.006219172754033	393	1.0481453855026872	
570	145	1.0429933592900993	786	1.0499293753818724	443	1.0584433269885856	
571	556	1.1142380984348452	620	1.1265876223661535	580	1.1400036589821303	
572	806	0.9604333973045228	540	1.0023968638549137	562	1.0108755448011246	
573	527	1.033836606486898	490	1.0440852051955516	22	1.052287081621615	
574	508	1.142776093526202	83	1.1655955462734728	528	1.1672478326361402	
575	505	1.0106073341694728	371	1.0106521607806598	512	1.0171123696195323	
576	528	0.9545950734266064	767	1.0061159917084523	38	1.021425945887818	
577	147	1.0926041525733632	551	1.0949643446906276	562	1.108471276035274	
578	580	0.9580974017069481	620	0.9891803398847346	596	1.0054576857388147	
579	547	1.0434502472656277	367	1.067639167433182	524	1.0830979844327255	
580	578	0.9580974017069481	325	0.9873173384371405	13	0.9927851538499026	
581	22	1.0438343706573991	434	1.0619889733590708	933	1.0644459995789275	
582	652	1.0775886032154944	543	1.0892739714622424	505	1.0925660394322363	
583	767	1.0355265712748136	278	1.036754776956867	546	1.0625570129176356	
584	556	1.045517634825129	145	1.1017342281568216	505	1.1161784312524226	
585	93	1.001236745660027	761	1.0337428118893364	768	1.0346410804053778	
586	959	1.1282957333579688	229	1.157803389004519	600	1.1593698711437668	
587	301	1.0542562036215977	567	1.0870339147374273	135	1.1009616518596328	
588	658	0.9681417051699465	225	1.0319559592959822	973	1.0408724612945734	
589	578	1.0910760296998734	524	1.0929969524945966	620	1.0962825289436307	
590	309	1.1050166784909732	959	1.1156089663345365	601	1.1212478534827388	
591	390	1.0952488278291648	540	1.1372259703626582	467	1.143603651709317	
592	505	1.00221152741229	547	1.004610752845451	536	1.0436325693120392	
593	480	1.0767226661558253	396	1.077122308967474	261	1.0877207216900437	
594	145	1.145029231507262	543	1.154782711998319	652	1.159478180203066	
595	22	1.0747041553050685	528	1.1048954505655988	575	1.106590455515845	
596	578	1.0054576857388147	528	1.0392458198556265	38	1.0612137583091372	
597	263	1.0290179407167153	806	1.0297462860070044	562	1.0687534896316089	
598	989	1.0675781173560868	533	1.1017650695373753	261	1.13044445558115	
599	883	1.0522180126986584	293	1.0776086011479993	716	1.0782666176797373	
600	436	0.9846203807678303	609	1.0174726392089197	229	1.0326381968520824	
601	636	1.0759179725569532	632	1.1049172660534679	145	1.1113660639648346	
602	481	1.0103629228349233	680	1.0216311777308096	620	1.0237837355439894	
603	562	1.098905268016239	632	1.1193101454690124	309	1.1266693687380482	
604	649	1.1277605092074294	664	1.148032239641095	301	1.1518637449934161	
605	301	0.99811428958659	767	1.0068001089919378	967	1.0147106659520073	
606	38	1.0429832477252428	636	1.0484166730259783	621	1.0497591913026498	
607	71	1.0455223039962802	273	1.055456920633997	431	1.0685848735857786	
608	273	1.0439097195858213	311	1.082659827245921	527	1.0837418818562037	
609	631	0.9893419755351834	176	1.0095565552926717	562	1.0140654411602867	
610	309	1.0291859346891685	680	1.0299907354758806	761	1.0309488890250862	
611	133	1.0582502507996534	247	1.0597919277717915	261	1.074600396239023	
612	632	1.0188000893267113	261	1.0535424485218898	681	1.0652554791815632	
613	304	1.0536428255665362	935	1.073793934803762	257	1.0801693532192624	
614	145	1.081627219847463	974	1.098212126607417	761	1.1016870946798785	
615	655	1.044866776552995	652	1.080016181011747	620	1.0897496395531228	
616	658	1.0294847286863478	147	1.0361524257120016	51	1.0542245173671727	
617	648	1.0295588087125827	610	1.0390886648046107	662	1.06250286301592	
618	803	1.0667315804581008	999	1.0927948840649586	367	1.107259023036211	
619	662	1.042181920352133	664	1.055869644653043	993	1.0652799249271545	
620	904	0.9453996980150258	706	0.9641134655955249	664	0.9702461288551864	
621	680	1.045874817428911	606	1.0497591913026498	646	1.068152156024068	
622	671	1.0098909291856635	651	1.064939900290798	86	1.0739133181641753	
623	617	1.0701182080917246	622	1.0826144646509483	658	1.1065467261378685	
624	662	1.03304360631608	118	1.037345892944722	96	1.052978087106554	
625	662	0.98738030239023	767	1.0797226043486758	431	1.0834374930672053	
626	135	1.0671037072493637	588	1.083075491038218	149	1.0946768420829593	
627	504	1.0526472808993752	903	1.0575990478398196	665	1.0640913131174607	
628	620	1.0132805645875593	658	1.0314840953658797	736	1.0430821770886294	
629	321	1.0187544673215918	556	1.0413803225757319	670	1.0590693973171823	
630	620	1.0289306284063118	161	1.0545909395367077	321	1.0586635606752401	
631	609	0.9893419755351834	680	1.0110205760504325	293	1.02281131005385	
632	662	0.9960864601222018	690	0.9990770091658461	701	1.006457365335975	
633	609	1.0357773241936883	562	1.0444342520162737	436	1.0503689761042405	
634	653	1.0882320486178998	688	1.0957132829271434	609	1.0996530575906305	
635	359	0.9714960986785772	620	1.0049319835672244	25	1.0087577240205423	
636	606	1.0484166730259783	141	1.0591854825551865	882	1.0650774908612977	
637	442	1.0326975993188419	681	1.0354161491233835	702	1.0454275729145075	
638	287	1.0901220956083961	690	1.093197186244503	632	1.1021754829992245	
639	620	0.9825377219538173	467	1.013148594697243	680	1.068201747013087	
640	663	1.0713927303370654	622	1.09583405624867	642	1.1012004203100287	
641	645	1.0826987572480247	635	1.0851890735749514	959	1.1134746228057817	
642	665	1.0582024441048368	652	1.0664371576076956	884	1.0748524129337904	
643	12	1.0975666095306498	799	1.1017675224337098	680	1.1278790019207843	
644	278	1.1467539495096142	692	1.153537378127034	633	1.167094863004704	
645	999	1.0379267791718034	93	1.0641375507334205	967	1.0657037611522007	
646	620	1.0617122905554943	621	1.068152156024068	677	1.0744147423986317	
647	690	1.00034917988584	278	1.0247428057953654	296	1.0357576436067284	
648	617	1.0295588087125827	609	1.0305957562551291	680	1.037307811025638	
649	620	0.9878719972193074	355	1.0356159875319741	628	1.0694174929981268	
650	658	1.1180083164216523	767	1.1517398411697635	620	1.1760779880973142	
651	602	1.0286235860497828	566	1.056713014523339	806	1.0642130369217515	
652	882	1.0142866723351518	93	1.0182349137303366	13	1.026010487151911	
653	620	1.0573647390913727	634	1.0882320486178998	311	1.0999803997607187	
654	663	1.0791332567929375	22	1.0986491860948104	648	1.1029504734791844	
655	615	1.044866776552995	761	1.0688328291329614	723	1.0698338581088713	
656	142	1.0431944312751722	649	1.0779821459522239	687	1.0801668180122161	
657	670	1.0695144188575179	736	1.0703871679895325	93	1.0896084778269117	
658	588	0.9681417051699465	727	0.9782114452535857	837	0.980056317921005	
659	635	1.0634601587233954	688	1.1144535187618767	76	1.1168188660615526	
660	690	1.042915923812804	206	1.0548272480854182	235	1.0805936759588128	
661	762	1.0686251562188414	690	1.0926382575940583	662	1.097282847383667	
662	788	0.9235430960157343	293	0.9839307088376259	625	0.98738030239023	
663	967	1.0431964062035977	640	1.0713927303370654	609	1.0777107981872347	
664	695	0.9428692321618196	261	0.9511997771986663	620	0.9702461288551864	
665	367	1.0079844248309109	635	1.013317486364767	273	1.0189020848453025	
666	639	1.0942201346161156	837	1.1101513500880729	664	1.1103012958502798	
667	690	1.0382767609792214	82	1.072717339350048	602	1.081348447660622	
668	161	1.09935307885735	898	1.1103069603364648	999	1.1287699379930989	
669	76	1.0731158548869593	292	1.0836262756414674	99	1.1046147873987495	
670	967	1.0508494724263957	629	1.0590693973171823	819	1.0593981261801222	
671	622	1.0098909291856635	147	1.0332985270959107	664	1.0419222088576645	
672	147	0.9108463172894788	93	0.9825345724309696	676	0.9947534636386535	
673	600	1.0499168730614523	652	1.0886461541693646	761	1.0927359763466062	
674	620	1.0734788220917433	145	1.085656412131548	141	1.0970473377814696	
675	617	1.0915154090036747	664	1.1049981580092723	747	1.122005767875022	
676	672	0.9947534636386535	837	1.0078444197894907	208	1.0457358567767374	
677	620	1.0319004368739375	689	1.069966922545039	646	1.0744147423986317	
678	208	1.0605924312457369	307	1.0760668083636413	647	1.1087284800327208	
679	981	1.156153241319114	22	1.1705781235370556	612	1.171371207226583	
680	882	0.9716108250372227	55	1.0043237044152853	631	1.0110205760504325	
681	145	1.0329301677637333	637	1.0354161491233835	721	1.0374627981324986	
682	152	1.0520541413853977	444	1.0687490161877342	664	1.09338207442597	
683	508	1.083509377687525	706	1.086512511597646	658	1.0981866501860833	
684	141	1.1261676822395217	636	1.174523277908464	820	1.1791186611004978	
685	145	1.0155664102219173	806	1.1013259356389233	635	1.1135110274678846	
686	788	1.0533926937138243	658	1.0546872906755425	692	1.058474286514727	
687	620	1.0478779296229952	468	1.0623546248978188	632	1.06530531041604	
688	882	1.0351175581413032	680	1.0477185475402815	967	1.0498899527781922	
689	677	1.069966922545039	680	1.0902219898704193	620	1.1000218439631133	
690	632	0.9990770091658461	647	1.00034917988584	680	1.0372771242770038	
691	12	1.0494272032663523	16	1.080456057865533	536	1.1017804660079507	
692	794	1.0540481624633173	325	1.0557925928386265	686	1.058474286514727	
693	578	1.0505123799748137	632	1.062548962410193	688	1.0681004680234614	
694	761	0.960718820843648	617	1.0630713265515819	566	1.0633726632829907	
695	664	0.9428692321618196	771	1.0113947562954988	247	1.051195734263333	
696	308	1.032441884497151	144	1.0850517271466429	278	1.0982930343176938	
697	569	1.0868831759162705	578	1.0885048605747625	359	1.1188581807506917	
698	145	1.0938585572188262	293	1.1015467678667825	672	1.1051347180923572	
699	22	1.0695801118530728	71	1.1316936513654778	667	1.1317308966954502	
700	958	1.0803334065048924	859	1.0834260390957728	145	1.0915273348439714	
701	125	1.0004614364244926	632	1.006457365335975	903	1.0266271812456242	
702	795	0.9705477520472305	733	0.9834414630281859	331	1.0304673745805932	
703	632	1.1575301051351403	665	1.1666537116854205	620	1.1832006452045856	
704	771	1.099022061901676	959	1.1140544423237537	93	1.1247401380924764	
705	359	1.1181097116905214	338	1.1189376029856741	304	1.1409340729064965	
706	620	0.9641134655955249	721	1.0476713417044254	755	1.0528198299665943	
707	93	1.1074973391901233	882	1.1148556865997956	42	1.141583113150125	
708	410	1.0114365604980198	771	1.0628933752956784	786	1.0693354899385814	
709	725	1.0892157477869449	767	1.0915307645815973	791	1.1137706834781729	
710	196	1.0648513303469866	600	1.067846511321769	70	1.091288820831424	
711	855	1.046722465251624	771	1.0559051693778687	238	1.071473757348806	
712	398	1.0606953156464425	904	1.074504754421893	493	1.0898288006803827	
713	778	1.0470055555099416	728	1.0606389215720085	759	1.0607951484463432	
714	99	0.9793924662151815	404	1.002026647656723	224	1.0193665993071666	
715	794	1.1049299259707324	754	1.1209910021203402	711	1.1488899732532927	
716	444	1.0425598790687223	725	1.0762091566497418	599	1.0782666176797373	
717	882	1.0802055409109819	407	1.090424984906601	309	1.0905036155767185	
718	761	1.0150064083820174	989	1.048974503247648	216	1.065585170171702	
719	701	1.05257789283648	800	1.0787278806432667	145	1.0808692623062446	
720	755	1.0663177673640925	367	1.067753703036452	224	1.0739952584778414	
721	794	0.9917410473149452	129	0.9930771448719854	145	1.009403801431008	
722	413	1.083264153371831	288	1.1377619546971258	547	1.1414995138407606	
723	767	1.019446174885576	534	1.022515932381257	788	1.046567818836356	
724	778	1.0362118540554937	755	1.0419336662280847	580	1.0563970957953002	
725	444	1.072216716020455	701	1.0756648976575789	716	1.0762091566497418	
726	755	1.0815757850787118	145	1.1129666207614979	681	1.1233163409473288	
727	658	0.9782114452535857	93	1.054764757118889	236	1.0873162906368135	
728	755	0.951061934966648	737	1.0326416325837984	662	1.060430609781481	
729	733	1.0831492514619725	761	1.106413670359915	750	1.1113784210266422	
730	409	1.0728433164095759	744	1.1039431379700768	767	1.1161341621227523	
731	771	0.9988204243773096	904	1.005589486481672	331	1.0345470238212415	
732	788	1.08605188258191	708	1.1293192468725222	811	1.1315978079562266	
733	702	0.9834414630281859	791	1.064410964434751	736	1.0755344934226365	
734	759	1.0982556883184287	702	1.1117249163337994	767	1.121587752401814	
735	967	1.0612393011410681	311	1.0925366281209798	501	1.1171697988249858	
736	628	1.0430821770886294	755	1.0538709529395338	273	1.063860245281224	
737	788	0.961247079695455	293	1.0057154968279647	145	1.0201965691700006	
738	767	1.0374802093007163	788	1.1091167290393713	143	1.1107283086363209	
739	773	1.0788581433915871	768	1.0975088994949378	714	1.100016960849146	
740	777	1.1453703679160834	771	1.156531899066812	93	1.1620643126051502	
741	652	1.0477193507914562	343	1.0517169132724231	194	1.0523564811376591	
742	292	1.0665902263949782	270	1.1583267427881334	755	1.1680848935079173	
743	767	1.0254367627953236	788	1.0271903645951277	702	1.0372839676870167	
744	293	1.0013880747830493	658	1.0551573197506718	702	1.069294231120961	
745	525	1.0922282327752288	145	1.0960857038953422	737	1.097879919595571	
746	279	1.014762475162404	761	1.0648216326428583	664	1.0689791631108752	
747	609	1.0661599406427205	859	1.066705568637139	410	1.0813149377471571	
748	780	1.0418638220476895	348	1.042128762363783	195	1.0494569316110791	
749	767	1.1007289040808668	751	1.1285924173661843	775	1.1308130097218632	
750	729	1.1113784210266422	894	1.1193672286164082	702	1.1418498011218607	
751	737	1.060730943077594	987	1.0638165508242046	999	1.068467070183615	
752	755	1.0839885556233961	720	1.123008843643762	771	1.1569470094391587	
753	701	1.1588358623838688	791	1.176737407180443	229	1.179253210747565	
754	725	1.0767433069918757	765	1.0893033953481202	410	1.1043794818360557	
755	728	0.951061934966648	771	0.9835544016716473	762	0.9893907909362725	
756	714	1.0358123148569554	958	1.0637982500455443	662	1.0714701005348488	
757	145	1.0050484959963368	714	1.0246858119687365	562	1.0290917206747092	
758	467	1.0036853261244765	635	1.074962849960034	736	1.081692989897903	
759	145	1.0455239218235621	713	1.0607951484463432	367	1.072588602112821	
760	671	1.1169084596006595	788	1.136437218979097	631	1.1496200343001524	
761	694	0.960718820843648	755	0.9907520027404352	25	0.9942129205849624	
762	755	0.9893907909362725	620	1.0181285929612058	652	1.058743770475855	
763	632	1.0806254744404884	293	1.0816736902025847	224	1.114964759934911	
764	751	1.184693485949527	765	1.2056375669984054	473	1.212183032974266	
765	410	0.9729281692348327	467	0.998826173169927	528	1.0124397970812793	
766	504	1.0714062836461742	145	1.0762212944782141	958	1.0870872882367524	
767	791	0.9279990943972145	146	1.0019092938326875	761	1.0031386982277761	
768	42	1.0059971240419334	761	1.010025454405441	585	1.0346410804053778	
769	788	1.0047682240691345	672	1.0433223001315672	651	1.1048613293254157	
770	893	1.020195746446384	794	1.075384580628588	407	1.09028739482827	
771	755	0.9835544016716473	505	0.9955529195689655	731	0.9988204243773096	
772	544	1.121957994994517	145	1.1351116331908075	38	1.1419327207268581	
773	904	1.0144384513136593	236	1.0436617155067025	36	1.0551468923932052	
774	708	1.1331835822098109	632	1.1346503433217658	733	1.1524090892426901	
775	989	1.034681788241045	737	1.046767379891364	213	1.052450532980325	
776	407	0.9836891608540359	791	1.0255873461428433	235	1.098684892498561	
777	261	1.0307504282738822	216	1.049268210132839	38	1.0495262747577254	
778	724	1.0362118540554937	398	1.0366047231764435	713	1.0470055555099416	
779	701	1.042594882645753	771	1.0501608402930491	768	1.0771937956444295	
780	791	1.0120146236225847	748	1.0418638220476895	235	1.0662986883671415	
781	967	1.0840378424155466	367	1.1171038661819952	946	1.12537676139512	
782	145	1.1310207616011339	768	1.1626733781083542	473	1.1675996065068968	
783	755	1.035702660635164	309	1.063016830346003	307	1.0989386410840483	
784	773	1.1056778237523561	770	1.1139220480621395	788	1.1205552499261726	
785	292	1.0550666208468056	708	1.0874906140348188	755	1.0876656873840076	
786	232	1.0425720259805658	570	1.0499293753818724	903	1.0667541654584256	
787	672	1.1637000583410897	936	1.1852955032098504	518	1.1937919075979029	
788	662	0.9235430960157343	737	0.961247079695455	959	0.9936722459432918	
789	145	1.0376779460664758	767	1.0773275851602062	662	1.0890621213589426	
790	771	1.0664725039537293	957	1.0721632539447006	755	1.0755055750088742	
791	767	0.9279990943972145	229	0.9843893259348644	780	1.0120146236225847	
792	721	1.057702988889841	444	1.06787357280121	518	1.079483609183053	
793	755	1.0431536930590133	721	1.1279192111872942	785	1.1442774813381644	
794	721	0.9917410473149452	959	1.0331164301130649	535	1.0340328371447718	
795	702	0.9705477520472305	706	1.085982561472672	794	1.0942361370436762	
796	243	1.0915555121193556	466	1.094958754898048	859	1.1098042785549556	
797	237	1.1411808230544855	135	1.1549024565334944	163	1.1587714156322886	
798	946	1.0806090221538756	755	1.0900815500653582	468	1.0951874772346146	
799	791	1.072018061745457	163	1.0883371618905453	716	1.0992046949901997	
800	620	1.0033781348197777	893	1.0257730855921887	417	1.0344770422534604	
801	884	1.0349184824341884	122	1.0373811872441994	829	1.0421334347931055	
802	806	1.02957050914211	261	1.0520718649091596	155	1.0590687553852212	
803	859	0.9883523758743049	837	1.0057626264423962	631	1.033883067900631	
804	867	1.0581460010668884	806	1.0813255770103338	642	1.1006808196642293	
805	325	1.0890589657238412	855	1.0936217877073122	566	1.097793031431807	
806	309	0.9426660758953133	882	0.9467595166166474	572	0.9604333973045228	
807	935	1.0202454655941575	794	1.039928836547762	450	1.0662920377940213	
808	794	1.074675293530312	161	1.0922156066733433	34	1.1033396858522604	
809	620	1.0352654741260388	145	1.076065585584198	22	1.0786668171386646	
810	503	1.0228570599528606	575	1.0468376999598246	806	1.0545627146669856	
811	806	1.0605340200800768	771	1.062688689968757	818	1.064888008623849	
812	871	1.1462548147797778	817	1.1559618297702796	118	1.1758072282857264	
813	965	1.0737587161484923	885	1.094237181614206	620	1.1139502653272948	
814	862	1.0695313082091884	806	1.1400885687786817	822	1.1442528907048084	
815	806	1.068928764530535	893	1.0691594346834052	183	1.0842960357674731	
816	129	1.1073498498051022	737	1.1380781479553619	893	1.14663731052619	
817	417	1.0123721545975233	967	1.0592372145349427	145	1.076417181826094	
818	93	0.9983172863629931	862	1.0362541366310523	806	1.046821041515084	
819	806	0.9850454207330742	821	1.0394804319059259	835	1.0486511196307553	
820	882	0.9808450619293827	580	0.9944031407605894	806	1.012931996173732	
821	846	0.9892966117984087	806	0.9932111236814013	819	1.0394804319059259	
822	309	1.0381509530571489	145	1.043422206594779	664	1.0716339137849882	
823	846	1.0733537307376897	959	1.0811485747742717	869	1.0874591297794114	
824	434	1.0905272353420916	922	1.094646971729258	467	1.0946583413946105	
825	967	1.045030452097309	882	1.0636463665939657	218	1.0971516835027637	
826	882	1.1327609263726985	880	1.1373380980732926	287	1.1531451151654637	
827	93	1.0494983357979208	806	1.0647846250500765	869	1.1026646625448724	
828	893	1.0883566215250915	652	1.0913262105422639	806	1.0945809269321436	
829	859	1.0195726314856597	801	1.0421334347931055	664	1.0422255775444587	
830	803	1.054087395058747	55	1.163548759225554	859	1.1772230718002992	
831	141	1.0626260383171846	34	1.1196382197536046	803	1.1288013074139496	
832	803	1.076842856863864	260	1.0832042482084059	194	1.0877844854307333	
833	882	1.0002135531837824	806	1.0528605031020057	93	1.082575027299894	
834	620	1.1118742508192807	893	1.114976649849231	862	1.1219407065478528	
835	819	1.0486511196307553	806	1.056570104310689	194	1.0755397268746876	
836	820	1.1049518277883827	810	1.1408451813507374	806	1.1451169724521237	
837	658	0.980056317921005	803	1.0057626264423962	676	1.0078444197894907	
838	806	1.0704028385334468	872	1.0821846075843071	803	1.1187156192250771	
839	671	1.1153142540286745	788	1.1255874106565895	716	1.1296207253752326	
840	208	1.0863868740583296	59	1.0881832950691033	672	1.0902038853343645	
841	967	1.0543148588283122	635	1.0721791479080598	468	1.0758435472709653	
842	806	1.0538925252064895	935	1.0594457956488088	855	1.0725234465425508	
843	572	1.1613125021051272	553	1.1871161684260394	562	1.187290416386555	
844	202	1.0846584320449546	619	1.1233550878750065	547	1.14285266245054	
845	635	1.04818077319028	562	1.0636023593803978	141	1.0644101980722454	
846	821	0.9892966117984087	578	1.008064500386972	806	1.0513339688687724	
847	191	1.0677707962237148	803	1.0789865791617421	806	1.085610675345964	
848	620	1.0823404539146049	904	1.103718330372598	252	1.1057971290163877	
849	806	1.0522252424142189	551	1.0786358521889896	147	1.0867974381185526	
850	859	1.0242726935312108	206	1.024692320287868	882	1.0604693020941491	
851	620	1.1757588675784798	143	1.191205978239422	81	1.2009979990821114	
852	804	1.1028079153240866	681	1.120737175393778	569	1.1222874153328586	
853	436	1.1158785983012267	686	1.1291424414570832	309	1.131464171361573	
854	260	1.0854089130590276	935	1.1106614727102306	880	1.1110358228823625	
855	806	0.9723292888776817	893	0.994579335834115	904	0.9969700697503865	
856	806	1.0725393181737106	904	1.111874313659098	855	1.1160984912919865	
857	417	1.1042192854636517	751	1.1410348866643016	822	1.1485555126492142	
858	806	1.0323108181610665	803	1.0379776870546875	884	1.0498898815637527	
859	803	0.9883523758743049	882	1.0048600706976485	829	1.0195726314856597	
860	96	1.1800789660707836	25	1.180379215211527	820	1.1853696199096944	
861	967	1.0201604725687912	800	1.0482206189763952	771	1.0644898341984044	
862	818	1.0362541366310523	820	1.036691918091987	806	1.0642180648276347	
863	820	1.030372674638244	609	1.0317511482168855	882	1.06075767728241	
864	99	1.0158192594973892	910	1.029550799170721	714	1.065098399743082	
865	883	1.0532676564392425	293	1.081677444138745	453	1.0832048712345297	
866	236	1.082886829906568	218	1.0874791096568035	208	1.0956406515204655	
867	967	1.0293853954222925	806	1.032426580426819	804	1.0581460010668884	
868	841	1.0770975042746016	888	1.0868517283895256	876	1.0996537798623052	
869	141	1.0411235517756872	883	1.0701788219953132	767	1.0717829145544533	
870	93	0.9825132633075185	22	1.0128283422017856	145	1.039270848157507	
871	904	1.0687745311281123	882	1.0760049303605763	806	1.08288902608898	
872	806	1.0299821450416942	821	1.07099930238748	838	1.0821846075843071	
873	694	1.1420090529301503	396	1.1428775752652423	325	1.1503299562442668	
874	721	1.0450541290971804	562	1.0581202495552346	444	1.0691915899169833	
875	664	1.034166849650622	367	1.0464828236274786	662	1.0626932382143217	
876	664	1.004947554869344	620	1.0783196798643082	822	1.0882141022583556	
877	218	1.0728291193936532	829	1.1054993383892793	135	1.1057336935701034	
878	859	1.0651562925401532	846	1.110359892473991	806	1.138925227500076	
879	224	1.067335628207273	884	1.0987860095547446	130	1.1073045892691469	
880	959	0.9864684433043343	820	1.0228195946306726	806	1.0369390012135271	
881	806	1.0629074844424176	882	1.0772013094880748	824	1.1188491429542402	
882	444	0.9432811985636336	806	0.9467595166166474	448	0.9635789039747172	
883	562	1.0155053016331246	145	1.023283177788404	978	1.0264915013244038	
884	894	0.9954425082567996	801	1.0349184824341884	549	1.0378464321858645	
885	810	1.0550022645046953	34	1.0559229806679833	904	1.0835222564008196	
886	880	1.0920461045797285	959	1.0956344868458125	315	1.1438927335405096	
887	898	1.058983845045105	829	1.0684316447556437	989	1.0893821521209204	
888	806	1.0316618683324943	820	1.0328021464583765	855	1.0640481018928334	
889	806	1.0127183453781825	855	1.0853298088946344	837	1.0948499199673585	
890	859	1.1103964637920383	967	1.134187512359439	145	1.1373014105923753	
891	845	1.0959287859662998	755	1.1262990797329937	652	1.1302254666541496	
892	609	1.0676269511954193	959	1.0792385328269705	161	1.0808698734929507	
893	855	0.994579335834115	770	1.020195746446384	800	1.0257730855921887	
894	884	0.9954425082567996	417	1.0328204016291271	820	1.041222342771368	
895	293	1.060523476013957	620	1.074594516568852	562	1.085365171579183	
896	767	1.0773596982187665	505	1.0787510779541003	218	1.0788410477503751	
897	961	1.0924871977371924	34	1.099469856195675	407	1.100094838820569	
898	194	1.0012390417188566	161	1.051380423930323	887	1.058983845045105	
899	959	1.1313709719601843	186	1.1372807374895362	964	1.1549682024433265	
900	620	1.0106037444258968	771	1.0344084116771282	398	1.071832384365056	
901	294	1.0498546467990073	145	1.0769676495921974	911	1.1326376539273006	
902	908	1.1140946721175242	929	1.116726893725328	761	1.1245412924929483	
903	22	0.9444242914216052	145	0.9904016393601751	933	1.0048032440529073	
904	620	0.9453996980150258	145	0.9658806535962994	34	0.9954584113086454	
905	903	1.0881186183679765	907	1.1077594725796598	681	1.1126312446057425	
906	288	1.1753998808823953	864	1.1757047343563505	970	1.1882850540138676	
907	309	1.013042895233944	755	1.0652841321843551	407	1.0697810601101572	
908	988	1.0112212633931754	934	1.0166408936025686	961	1.0684011843002337	
909	934	1.0036562460759797	959	1.0385877721512433	407	1.041044836391087	
910	864	1.029550799170721	930	1.0659218821434555	665	1.07217279236835	
911	904	1.0453732958366357	996	1.062392410317355	273	1.0667506102246975	
912	529	1.1139004180984937	941	1.123113685039626	208	1.1322969288076374	
913	301	1.0314210198075844	387	1.0536799267061685	920	1.0622878836006464	
914	664	0.9872497531250098	96	1.0071056663203548	904	1.013596941488587	
915	903	1.006744817852137	283	1.0256612755013854	922	1.042056882340439	
916	714	1.0783508392471493	922	1.113147073710096	914	1.1143713277754161	
917	145	1.1241851524706492	141	1.1295591834644423	413	1.1466173158917066	
918	457	1.0512642492843616	883	1.0616814821659828	273	1.0829279982327178	
919	927	1.0356856974369644	988	1.0820920125290034	932	1.085749394210056	
920	562	1.026203875663018	999	1.041411382212024	761	1.052731957543996	
921	932	1.0674229002989086	349	1.0916909195293723	996	1.1051432168308901	
922	216	1.0137586489896284	915	1.042056882340439	70	1.0692323713131235	
923	959	1.0757149723739874	930	1.151339719927257	421	1.1582733141008656	
924	198	1.0673838657561945	904	1.070819128480384	141	1.077066840460444	
925	904	1.0843509021941924	990	1.1125101219810305	976	1.1189045122319086	
926	325	1.0636763139006256	964	1.08997859696247	904	1.1160895232076824	
927	938	1.0126590387944336	919	1.0356856974369644	451	1.0574566568280566	
928	562	1.0303595243447872	600	1.0602827499472345	761	1.076225287805567	
929	989	1.0637996833262908	988	1.065454802304722	953	1.0781467581541921	
930	141	1.0561980102135677	966	1.0640116810538953	757	1.0646114992337574	
931	964	1.0177128126228911	904	1.060874745185998	279	1.0716159250751796	
932	135	0.9870814583057358	996	1.0214126635439091	987	1.0455944218451771	
933	903	1.0048032440529073	455	1.01043327786175	989	1.029499872716919	
934	909	1.0036562460759797	959	1.0103506535504538	515	1.0128898464149378	
935	145	1.0098561427635155	807	1.0202454655941575	309	1.0425835245377906	
936	504	1.0579933495062732	216	1.070921569125382	218	1.075293500022954	
937	480	1.096046925653062	681	1.0974517863918114	871	1.0977920064047832	
938	927	1.0126590387944336	946	1.0491161403131757	434	1.0494546612893092	
939	966	1.0330418407883528	155	1.054042884052716	480	1.0554503623809575	
940	967	0.9759473738575014	882	0.9975862103421851	145	1.0305831985819136	
941	966	1.036535212965651	145	1.0777206225438773	931	1.0787317760857165	
942	556	1.0718381524140363	989	1.0986903680228801	930	1.114409363538417	
943	562	1.0603205926108734	181	1.1213804009426114	413	1.1249865291360057	
944	924	1.1414346269060318	932	1.1620221120199405	979	1.167879862028035	
945	941	1.1435684869310525	431	1.1443587067625136	505	1.1634860414497887	
946	967	1.0259988324532312	434	1.0382517443200308	413	1.0455259288328804	
947	979	1.0375242898342645	273	1.0414747981963814	967	1.083737126470925	
948	580	1.0700505378767713	480	1.0883407467411639	543	1.0982778028154758	
949	529	1.0798712262691328	12	1.1246006255771064	307	1.1299790835534063	
950	904	1.0662842991882844	958	1.0800587841446863	755	1.091717277393975	
951	145	1.131645160129092	43	1.1331657038628933	988	1.1526152297304664	
952	967	1.1131275085717764	99	1.1155196136815304	321	1.1490012266916485	
953	929	1.0781467581541921	505	1.0909982080267044	989	1.1033521580383918	
954	761	1.0513924998463142	325	1.0626380561620232	988	1.0636584606103763	
955	736	1.1570844428480216	665	1.182710169222715	331	1.2056679485858126	
956	920	1.066665996902814	562	1.0995113537422598	145	1.1008776250003156	
957	755	0.9993199442320515	224	1.014123302879129	996	1.0534694901490882	
958	399	0.9853976949610549	145	1.045012785945591	903	1.047410675531181	
959	293	0.9701333121165325	880	0.9864684433043343	788	0.9936722459432918	
960	903	1.029756137722567	967	1.0522364281832708	935	1.0581498395021638	
961	371	1.0397556142804092	908	1.0684011843002337	934	1.0754952321829183	
962	12	1.0664612152921522	946	1.0756584709082209	996	1.0901040957564208	
963	913	1.1218307977923996	989	1.1254148002451896	450	1.1410808846586415	
964	931	1.0177128126228911	194	1.0522496166401132	904	1.056291481370475	
965	145	1.0593050576406378	57	1.0675958933320473	736	1.0683391273980962	
966	457	1.0010828257602264	410	1.0145028115768135	939	1.0330418407883528	
967	940	0.9759473738575014	145	0.9970542084477043	990	1.0041135413929734	
968	224	1.077741408259685	771	1.0988620599759045	993	1.1002497228237982	
969	701	1.0888916286627717	920	1.0907069323269245	958	1.0977842425776727	
970	922	1.0971126876031687	981	1.1245861955031562	22	1.148371484410736	
971	989	1.0560206973540711	93	1.1067323277212506	59	1.119603636202971	
972	375	1.1246730294946163	929	1.129300401859944	293	1.1376266310055199	
973	588	1.0408724612945734	585	1.0583124626971117	567	1.0633577096035416	
974	481	0.9941006716663728	562	1.0024458017375009	556	1.0229939545589715	
975	562	1.076238282588235	915	1.0842603867950733	974	1.0851033687260263	
976	93	1.0189546045607607	17	1.0364871668635405	205	1.0434284647790744	
977	367	1.065244932560059	990	1.087939730599071	981	1.0909569111029762	
978	883	1.0264915013244038	929	1.0892912982727663	940	1.0893238001238674	
979	605	1.0346266489365468	947	1.0375242898342645	218	1.0600202936440724	
980	903	1.122617564554846	940	1.1246244001385988	434	1.1478330378003931	
981	932	1.0777550372831302	286	1.080265191616844	716	1.0879993613463315	
982	930	1.1253623936405024	236	1.1272197811104325	910	1.1418741111127053	
983	990	1.112038836047504	854	1.1120774512964648	806	1.1204968823792947	
984	988	0.9664467093763782	145	1.003707255439767	529	1.0574963162415836	
985	911	1.107024321333089	207	1.1096397309388992	988	1.1240356609505804	
986	144	1.0403357195668603	434	1.0770002198582163	182	1.0787644422109592	
987	882	1.025345255662643	932	1.0455944218451771	883	1.0520402054261802	
988	984	0.9664467093763782	908	1.0112212633931754	145	1.039053928494147	
989	771	1.005577849138891	933	1.029499872716919	755	1.0318734655480821	
990	967	1.0041135413929734	311	1.0124712163218248	145	1.0368861933125062	
991	903	1.0961372940722398	115	1.0992369622017357	988	1.1042953144528305	
992	323	1.1311073823119908	946	1.1436458194491632	229	1.147888995493282	
993	619	1.0652799249271545	562	1.0700570896760486	938	1.0814941924286492	
994	457	1.1718897697805475	273	1.1954864420182554	301	1.2023142426968385	
995	920	1.1170189153583876	939	1.143760124449517	907	1.1495907303158026	
996	904	1.0095879119995588	278	1.01913194451959	932	1.0214126635439091	
997	938	1.0834239861158512	915	1.0930922218963428	988	1.1190652408405166	
998	976	1.0919148156235006	974	1.0993727194150997	329	1.1029023898010046	
999	236	0.9688429704586304	467	1.0130217117243128	194	1.0274879072655354	
