1000
0	528	0.9377381435117184	93	0.946956140267104	36	0.9878837743732295	
1	22	0.954988461015213	36	0.9988398091515129	50	1.008944131610032	
2	85	0.9471170846518537	76	0.9559181602287729	96	0.9604016954352754	
3	69	0.9898460159491804	21	1.0009520445932536	8	1.0028228223205229	
4	22	0.9272904501795809	82	0.9603125318520597	76	0.9734364494149547	
5	87	0.9416475043259188	27	0.9746906554134139	36	0.9897143157500268	
6	93	0.9874961558716231	29	1.0345116330491164	680	1.0451994363416768	
7	70	0.8805612995710302	85	0.9134257946744179	93	0.9323003747104834	
8	25	0.9549677181727279	44	0.9774848126391908	567	0.9790736043006357	
9	81	0.9721910379854779	261	0.9862014787070612	72	0.9888290174084512	
10	91	0.9676745727290345	34	0.9785231890937042	771	0.9824419372855921	
11	99	0.9455768625936237	36	1.0212384014582283	42	1.0244109681122906	
12	77	0.9138532134785652	94	0.9155702797420104	505	0.921996581962701	
13	93	0.8961815652734421	144	0.9226904835680734	580	0.9353605665936375	
14	34	1.010447066772148	13	1.0169725338873834	32	1.0342132744998713	
15	27	0.963244838599151	93	0.9689377564936532	57	0.9855385878259663	
16	93	0.9223203789189723	43	0.954761673143592	934	0.9554522481643893	
17	70	0.9327617079992692	585	0.9736355902963418	2	0.9796979393868863	
18	77	0.892966812975037	22	0.9310338072762989	68	0.9323347817535671	
19	52	0.8997004346255892	903	0.9809618591111374	261	0.9840092753090199	
20	367	1.047984240736413	145	1.0607161626954706	47	1.0658468598061714	
21	61	0.8922283559339917	85	0.9183930378619476	69	0.9196999983220939	
22	903	0.8817212376571597	96	0.8879782282551181	34	0.9050648991297908	
23	25	0.9871739072485479	51	0.9967288512158471	10	1.0079064359746757	
24	71	0.9419904088421541	36	0.9459009150657042	122	0.9835726774838605	
25	635	0.9374763137267852	761	0.9374984249359749	8	0.9549677181727279	
26	55	0.8873448726041931	307	0.9873887099585698	680	0.9997683539573491	
27	71	0.9240484729362048	22	0.9437014871022281	15	0.963244838599151	
28	69	0.9204088307388786	12	0.9224937929802329	22	0.9292750956048762	
29	94	0.9720170503921961	12	0.9939629094953605	444	0.9968769386169377	
30	82	0.9154295017197461	21	0.9515221222143948	44	0.9639652715990376	
31	63	1.0100997869165214	18	1.0155437606766105	22	1.0336055839691383	
32	89	0.9318816971285547	82	0.9680573953320493	36	1.0081815059114991	
33	308	0.9932704715662868	63	0.9956028334958323	96	1.0102881325104192	
34	42	0.8143394115974522	96	0.8253882879293292	22	0.9050648991297908	
35	569	0.9966301632872341	99	1.010253245283549	706	1.019233174346174	
36	50	0.9035993522928346	22	0.906917094815353	82	0.9436567140759907	
37	65	0.9751480129780755	63	1.0010186050780372	807	1.0226547763929847	
38	144	0.9119890898462594	64	0.9135432452718331	431	0.9421555987965318	
39	567	0.9711490939304214	467	0.9797535481233087	57	0.9835277040249132	
40	99	0.9996929966229389	2	1.011184502790108	34	1.016231998142845	
41	70	0.9755938050738835	163	0.9912313808813646	28	1.0026944726512674	
42	34	0.8143394115974522	93	0.8565571192756528	480	0.9332759367116019	
43	34	0.9449144329552683	98	0.9453813085182848	904	0.9515748778489972	
44	30	0.9639652715990376	8	0.9774848126391908	71	0.9935464521092561	
45	17	0.9960337814817445	47	1.006740723260887	21	1.0159761021204763	
46	57	1.000441624348628	12	1.0138801911890938	76	1.0236644241984174	
47	93	0.9537666288113943	96	0.9619605099971317	95	0.9732645463951136	
48	71	0.9487866578627835	78	1.0104449182415305	34	1.0172707853425518	
49	360	1.0036096060548867	608	1.0263001988067753	505	1.0267866724817298	
50	82	0.9008565850765726	36	0.9035993522928346	57	0.9198138573705288	
51	616	0.972530938511712	331	0.9737545172271229	562	0.9847667073835782	
52	19	0.8997004346255892	93	0.9463754064399116	18	0.9585256721710587	
53	99	0.9985982640680118	58	1.0010319432951595	155	1.0132688968752397	
54	93	0.9867508140444458	68	1.0316968256468215	43	1.0346931564616766	
55	26	0.8873448726041931	680	0.9338192742130175	610	0.9952227848470079	
56	22	0.959618383140914	488	0.9998313459690287	34	1.0010151899369737	
57	50	0.9198138573705288	7	0.9552456234934236	93	0.9560412673630638	
58	68	0.9666878782066826	82	0.9962111794055197	34	0.9976040675605281	
59	28	0.9639327782794358	502	0.9733160688788377	64	0.9769361964225833	
60	38	0.9970209859435054	58	1.0315922333072274	451	1.031932480209709	
61	21	0.8922283559339917	366	0.9700737434248891	99	0.9772201310364202	
62	695	1.0034304916942591	247	1.0096476633228224	57	1.0139067188834474	
63	22	0.9615426522449636	28	0.9691526034678376	42	0.9698391152062478	
64	38	0.9135432452718331	59	0.9769361964225833	82	0.9945267596017467	
65	37	0.9751480129780755	16	1.0139543859336662	570	1.0176107924161153	
66	94	1.0500064956174175	96	1.065647848234739	24	1.0657978094506089	
67	82	1.0387896679608035	771	1.0400509060730452	13	1.0502903239487598	
68	18	0.9323347817535671	93	0.9465473286295407	58	0.9666878782066826	
69	74	0.9034217092232251	21	0.9196999983220939	28	0.9204088307388786	
70	7	0.8805612995710302	71	0.911281721466204	22	0.9286077484472383	
71	70	0.911281721466204	22	0.9185059907244119	27	0.9240484729362048	
72	76	0.9691648579033406	631	0.9780159912077633	9	0.9888290174084512	
73	71	1.0501290127783642	70	1.0562855982322812	275	1.0716509180528262	
74	69	0.9034217092232251	12	0.9281592252016855	22	0.9675084335575613	
75	36	0.9688130849889949	22	0.9798281627064467	28	1.0246986531580098	
76	22	0.9056407851893459	488	0.9130517223499655	93	0.9363475276931683	
77	18	0.892966812975037	12	0.9138532134785652	68	0.9779388019147326	
78	70	0.9483882287524684	22	0.975886856851787	21	0.9883264139346438	
79	93	0.9869058945710038	94	0.9957963274116336	806	0.9991177354240801	
80	69	1.034400837289886	38	1.0460663136282606	129	1.050390923491529	
81	360	0.9588526753026669	9	0.9721910379854779	298	0.9767884688740239	
82	50	0.9008565850765726	30	0.9154295017197461	93	0.9176083590149589	
83	22	0.9213424466801309	371	0.9342860473976893	34	0.9433609631300243	
84	209	0.9729511981401239	18	0.9880236223811183	69	1.0025053962145087	
85	7	0.9134257946744179	21	0.9183930378619476	93	0.9369002915804268	
86	480	0.9550830269912791	76	0.9678460997312324	12	0.9832405757581861	
87	5	0.9416475043259188	12	0.9945085652901426	96	0.9947847265644566	
88	21	1.0252005112066573	58	1.0316917612466128	43	1.033879680628195	
89	32	0.9318816971285547	96	0.9574143035331314	0	1.0049964718285405	
90	78	0.9886543035160489	21	0.9954411042744936	7	0.9992387663042609	
91	10	0.9676745727290345	99	0.9948878842730127	38	0.9955979648766771	
92	21	0.9725952619341673	451	1.0047335704568316	13	1.013492294454237	
93	42	0.8565571192756528	13	0.8961815652734421	82	0.9176083590149589	
94	12	0.9155702797420104	13	0.93651289317841	882	0.9423536784350779	
95	179	0.9460950895925244	93	0.9513870391691961	82	0.9670599135207317	
96	34	0.8253882879293292	22	0.8879782282551181	914	0.9526759903966903	
97	55	0.9971539407073843	366	1.0397095918235437	93	1.043107292938396	
98	43	0.9453813085182848	34	0.9812826841929648	18	1.013315235598421	
99	714	0.9124228879391962	22	0.915882849264022	69	0.9434134437482237	
100	190	0.9152178555541302	562	0.9842080485882885	528	0.9974331923102333	
101	176	1.0325535342372363	10	1.0426076275881921	125	1.049280727910477	
102	196	0.9870437010749419	145	1.0140260139260877	353	1.0381690192689232	
103	145	0.9556803294088214	186	0.9772294469809153	161	0.9780605531837961	
104	143	0.9048781010070237	118	0.9652996945205554	141	0.9662194624724759	
105	143	0.9609438835452049	189	1.004488625632352	147	1.0057543508031463	
106	190	0.9695212671807018	147	1.0001396683496264	132	1.0172718084811883	
107	190	1.0205376848732812	118	1.045940397812364	914	1.046275029037492	
108	161	0.9722201868348321	135	0.9932597586013256	129	0.9948063204506657	
109	176	0.9702316869422417	143	0.9866144956379918	144	0.9943538436311844	
110	145	0.8343357891338706	155	0.8764631383529389	113	0.9080586900448437	
111	147	0.9884533034121803	38	0.994075864847708	967	1.0099533575808373	
112	132	0.9526975045849014	182	1.008680629745012	162	1.0133952886984892	
113	110	0.9080586900448437	145	0.937074963422294	482	0.9494232859306465	
114	130	0.9109966740115847	161	0.9307469855258521	145	0.9460132802371595	
115	991	1.0264298182041958	238	1.0488845745878246	147	1.0490306005861783	
116	145	0.978420238878332	147	0.9896711870099328	178	0.9948648327374239	
117	145	0.9472720300910507	177	0.9813352111212742	147	0.9961639611880917	
118	147	0.9115520290351107	143	0.9217546668231144	130	0.9424851973926491	
119	173	1.0028203102421065	145	1.007946310334011	193	1.0353623576726763	
120	147	0.9862122775349091	236	1.009916496055537	206	1.0351662695800379	
121	145	0.9577678812443701	165	0.9836577884418717	153	0.9925538685350038	
122	801	0.9410134712931632	110	0.9649493329936129	309	0.9749781764901302	
123	135	0.9884616418341006	161	0.9973951075825811	118	1.0091233121297916	
124	162	0.9993479032941132	194	1.0014530599714675	721	1.0030416697466051	
125	140	0.9495449497008033	145	0.9547199576752811	701	0.9615976373558545	
126	155	0.9693540311535898	147	0.9725794468691892	132	0.9749649297519325	
127	143	0.9936448136392589	293	0.9978932658699646	145	1.001298650998473	
128	144	0.9489463058743457	194	0.949002746507286	482	0.9783610661632706	
129	145	0.9047110167527115	155	0.9233600557719053	721	0.9443542799973998	
130	114	0.9109966740115847	767	0.9395149524597038	118	0.9424851973926491	
131	145	0.9902783119365568	135	1.0032985478706158	110	1.0205080424124284	
132	112	0.9526975045849014	142	0.9659908075225744	126	0.9749649297519325	
133	143	0.9523702647711731	186	0.9614270310501041	611	0.9799530672883712	
134	141	0.9407948954643669	135	0.9601507642242797	145	0.9622828531072396	
135	159	0.9218067293275096	145	0.9288134607065893	194	0.942468753912589	
136	141	0.9735537943351316	110	0.9741282475415028	164	0.979278738005943	
137	176	0.9841016734334062	190	1.0089700452812889	108	1.026763146719541	
138	159	0.9225928949900823	135	0.9613975978244638	145	0.9870712569100671	
139	190	0.9511029203204445	104	0.996720615829031	136	1.0101664096800895	
140	125	0.9495449497008033	185	0.9761962041919049	104	0.9764350599840531	
141	145	0.8149809392928918	882	0.9063639336527505	134	0.9407948954643669	
142	129	0.9505959138026786	171	0.9640025439340604	132	0.9659908075225744	
143	104	0.9048781010070237	118	0.9217546668231144	165	0.9358922657746372	
144	252	0.893078843177828	38	0.9119890898462594	145	0.9121166570955791	
145	141	0.8149809392928918	110	0.8343357891338706	165	0.8587003985946831	
146	767	0.9305579976113422	172	1.0002497236288872	135	1.0089989718139702	
147	672	0.8685671888054755	162	0.8700586842893206	159	0.8889275797866424	
148	129	1.0232577718764893	149	1.0412401589797107	138	1.0559653926360766	
149	175	0.8904201290612522	172	0.9476612681729983	190	0.9841849541017912	
150	155	1.0063097260441136	110	1.022768487030055	147	1.03630452385888	
151	121	1.0215940172040427	165	1.0492512300856256	145	1.0615096983242391	
152	161	0.9582061517673052	195	0.9595852308334897	682	0.9892173962104946	
153	155	0.9299418422727826	170	0.9373368095738945	161	0.9423164634648958	
154	113	0.9525332708705486	291	0.9646677462667204	369	0.9844227378010685	
155	110	0.8764631383529389	145	0.8833694497919411	129	0.9233600557719053	
156	184	0.9743706428776174	155	0.9966505263211761	134	1.0105289934266783	
157	145	0.8644288518686961	134	0.9673939727461589	567	0.9914461878967087	
158	132	0.9995676574257707	161	1.000779816923522	786	1.0054546234800341	
159	147	0.8889275797866424	135	0.9218067293275096	138	0.9225928949900823	
160	141	0.9773415841328394	161	1.0145415884421654	176	1.0311154356735255	
161	172	0.8759982673061757	331	0.9058391242929468	114	0.9307469855258521	
162	147	0.8700586842893206	467	0.9228128108642816	93	0.9363174335321657	
163	114	0.9598918935206394	172	0.9796509286306876	176	0.9864386736274562	
164	147	0.9670621156624801	136	0.979278738005943	118	0.9945625767452494	
165	145	0.8587003985946831	143	0.9358922657746372	161	0.9657922773498251	
166	186	0.9492703103208716	147	0.9522034165546687	506	0.96237913988577	
167	147	1.0289102000065473	159	1.0640734368874398	185	1.0774247067052503	
168	144	0.9876187051407289	195	1.0307354096323116	145	1.0311777159592417	
169	194	0.9905778764590817	672	1.0115998814087688	904	1.0204202330937762	
170	153	0.9373368095738945	130	0.9849042686003753	176	0.9978480060543593	
171	142	0.9640025439340604	609	0.9883110441840832	145	1.0016217965398067	
172	161	0.8759982673061757	186	0.9449783370510654	149	0.9476612681729983	
173	191	0.9222385751158013	145	0.9395595482285798	147	0.9568315981607957	
174	195	1.0114740168614507	161	1.0141069867921544	159	1.029105336541258	
175	149	0.8904201290612522	182	0.9720623070289539	147	0.9760016613720018	
176	609	0.940776625211121	143	0.9409376012781705	161	0.9510312999957812	
177	117	0.9813352111212742	141	1.0044753516684313	143	1.0212917542802762	
178	147	0.9527031249149595	116	0.9948648327374239	145	0.9996884377175583	
179	95	0.9460950895925244	253	0.9695137642431203	129	0.9914713192212726	
180	191	1.0082126912707592	117	1.0163217429008455	135	1.0262390187453663	
181	129	0.9527416542271248	145	0.9690753945179368	135	0.9731064424386964	
182	175	0.9720623070289539	145	0.9825000549733527	22	0.9896801554643165	
183	145	0.9591202125368024	118	0.9756684711579913	176	0.9850947747825833	
184	156	0.9743706428776174	125	0.980550877373455	145	0.9909529613835981	
185	140	0.9761962041919049	172	0.9904135110527624	135	0.9936246983606349	
186	172	0.9449783370510654	166	0.9492703103208716	133	0.9614270310501041	
187	145	0.9530657183978974	518	0.9812012507410189	155	0.9857033407530855	
188	110	0.9477815342896817	141	0.9501322744743839	135	0.9541956824017137	
189	141	0.9607773096538549	145	0.9889581726433512	194	0.9934854858900833	
190	147	0.9007668411233031	100	0.9152178555541302	162	0.9451054644228057	
191	145	0.8700591004786224	173	0.9222385751158013	196	0.9426660279139399	
192	142	0.9949856428497353	125	0.9952459241525642	175	1.0046061314958792	
193	119	1.0353623576726763	172	1.0432375618601994	136	1.0454736267066647	
194	144	0.9325329447958968	898	0.934692091396676	290	0.9404814794774297	
195	882	0.9210260259435327	144	0.9270865796098791	145	0.9343320163033398	
196	145	0.8867340047792309	218	0.9233768250458421	191	0.9426660279139399	
197	194	0.9418464948047705	143	0.9775311945240241	771	0.9787040970163953	
198	145	0.9465447908584731	967	0.982695524835951	172	0.9835846119594348	
199	196	1.0311234019103062	291	1.0323210255822086	195	1.0328938914243073	
200	252	0.982631149945669	218	0.9925233158376437	293	1.0009219457558485	
201	241	0.954666927492594	293	0.9656088410472794	266	0.9762598682433419	
202	238	0.9363584213147559	216	0.938810850642829	145	0.9468783288526325	
203	989	1.024564760038618	229	1.0635527171637917	276	1.0700385324763666	
204	283	0.966259846477311	236	1.0193700615912988	292	1.0317540660318718	
205	283	0.9428782192376894	293	0.9452599953262144	225	0.9588729148033902	
206	216	0.8464899561616162	270	0.9208241554653716	145	0.92322840179025	
207	278	0.9425917708840246	208	0.9546754533048137	281	0.9892282760361482	
208	218	0.8805434732942992	263	0.8895226760630057	293	0.9036892788266992	
209	206	0.9357855324765395	216	0.9599555142906374	213	0.9610595325373584	
210	967	0.9747271078860142	236	1.0109163001012125	695	1.011796620604701	
211	273	0.9886530728016689	208	0.9890952436416272	286	0.9907681408751158	
212	261	0.899471213215237	903	1.0030252314075072	249	1.0198538634666905	
213	225	0.9301125234278674	209	0.9610595325373584	904	0.9686591473077497	
214	242	0.9993863539562661	245	1.0009757436535307	289	1.0067101852630906	
215	229	0.9267524429003059	206	0.9845189330552829	208	0.9935919206880717	
216	206	0.8464899561616162	959	0.9282027008557308	145	0.9320161601935626	
217	218	0.9508857070639815	278	0.9993656575167443	239	1.0150676572584338	
218	275	0.8788648154595994	208	0.8805434732942992	296	0.8986090700968123	
219	286	0.9974693180110172	273	1.0089946995276704	278	1.0208014334085076	
220	276	0.9707945349043822	903	0.9950815046572403	930	1.0193048219757455	
221	278	0.9443605060086028	218	1.0189425700969281	247	1.0574918593165759	
222	201	0.9853602164869248	275	0.9892161397678302	279	1.0060077843759403	
223	410	0.9567927885824051	273	0.9610000512127389	448	0.9665385641850316	
224	562	0.9159778148782912	236	0.9262272838285402	714	0.9408690936150881	
225	263	0.8888262304547903	208	0.9198574520363547	213	0.9301125234278674	
226	290	0.9870421128418498	283	1.0449183622066365	144	1.0585146943311707	
227	236	1.0487100633294533	72	1.0764743678810333	286	1.083641423483949	
228	261	1.0215804157387829	28	1.0378330243186973	86	1.061783963382644	
229	232	0.863983821980962	288	0.8768483587929972	215	0.9267524429003059	
230	299	0.9332733518006532	209	0.9896813493566955	294	0.9953470965923658	
231	278	0.9678077212026984	243	0.9885106661561337	208	0.9913156097566678	
232	229	0.863983821980962	293	0.8663947074122073	261	0.9316724135699533	
233	293	0.9276248896853919	239	0.9493047456153036	263	0.9677176115530917	
234	261	1.04477753125911	290	1.0459765253605544	275	1.052857714403445	
235	22	0.9292861450573545	278	0.954821640278417	224	0.9656025405780839	
236	288	0.8639159542110358	999	0.917301052114459	292	0.9243572269008117	
237	283	0.9797275532044035	724	1.0099211959466206	278	1.0151907926958266	
238	202	0.9363584213147559	218	0.9543381255856589	290	0.9729891221866265	
239	293	0.8757269928135479	289	0.9099152209417586	236	0.9461260774839099	
240	298	0.9802698233300997	206	0.9864492210845875	208	1.005512192265028	
241	208	0.9512906686235816	201	0.954666927492594	292	0.9750108271683453	
242	293	0.9526684904567772	223	0.9810432106864526	216	0.9885312113908468	
243	292	0.905357740782177	208	0.9150724935495644	263	0.9250482149605541	
244	580	0.9241208168404597	288	0.9469190671298847	325	0.9720430583479245	
245	286	0.9721312473820923	294	0.98045307199796	292	0.990310415396959	
246	194	0.9661727470234093	467	1.0225083316828663	232	1.0325959286350284	
247	261	0.9174964355901636	288	0.97011099316073	695	0.9771081360323625	
248	218	1.0109419800433816	275	1.0819689909495251	274	1.0819872059600926	
249	218	0.9138623991901454	243	0.9263552926390792	256	0.9849743815981546	
250	281	0.9340883467858847	325	0.9561537723076128	216	0.9810474733750545	
251	229	0.9895768647920007	285	0.9924575015249225	206	1.0079884585327759	
252	144	0.893078843177828	200	0.982631149945669	261	0.9841989604476097	
253	293	0.9349775481714104	179	0.9695137642431203	145	0.9703761215521831	
254	293	0.9588494034254902	261	0.9590344824401706	218	0.9868816599495858	
255	205	1.0292485229598343	237	1.0414677983716785	263	1.0453971142058565	
256	243	0.9464957182659421	249	0.9849743815981546	247	1.0045964496317434	
257	263	0.9520853140812832	272	0.9553316082616385	794	0.9732294912416646	
258	224	0.9602156963613285	806	0.9968109731260497	298	1.0040702497077338	
259	273	0.9848074948149474	295	0.9985041312859398	218	1.0143669783173308	
260	293	0.9590796835256058	208	0.9668603688430594	884	0.9819493572950748	
261	293	0.8414805810908847	264	0.8548718900199779	212	0.899471213215237	
262	266	0.9507707168392939	261	0.9925064917595843	30	0.9999736961884719	
263	225	0.8888262304547903	208	0.8895226760630057	293	0.9010510273814045	
264	261	0.8548718900199779	286	0.9232442955871992	278	0.956438301152749	
265	231	1.0318857157334658	766	1.0323075204963088	296	1.038194403857518	
266	262	0.9507707168392939	293	0.9516175398631816	201	0.9762598682433419	
267	278	0.9824371283440481	273	0.9876160855893775	218	0.9917727938273447	
268	467	1.012098680330186	935	1.022935328630748	38	1.0230554683587665	
269	229	0.9877751095753333	218	0.9973614127067494	263	0.9975340036250049	
270	206	0.9208241554653716	218	0.9321888863716213	236	0.9427030243621113	
271	286	1.0023452504122272	257	1.0038942750969329	261	1.0071268966518756	
272	257	0.9553316082616385	208	0.9698250059540849	450	0.9858437919078348	
273	216	0.9358056710982631	278	0.9364214711487543	448	0.9460296160954463	
274	208	0.9730607925343256	292	0.9768587269121347	236	1.0092265703545016	
275	218	0.8788648154595994	261	0.925054444394082	278	0.9278366858434811	
276	232	0.9612760411147081	220	0.9707945349043822	288	0.9718758438661944	
277	293	0.9468601880342467	284	0.9695295052215387	218	0.9744553326428087	
278	293	0.9153901750685982	218	0.9263914098376712	275	0.9278366858434811	
279	218	0.9270004186560927	288	0.9370601664648786	746	0.9410585123372025	
280	239	0.9875716144021582	958	0.9885199260468506	620	0.9909013274421736	
281	250	0.9340883467858847	207	0.9892282760361482	208	0.9944892877917613	
282	261	0.9834826390624888	236	1.0058174470166086	22	1.0068447275717125	
283	261	0.9380247474540946	205	0.9428782192376894	299	0.9484226645854376	
284	288	0.961301111307524	293	0.9667826810378727	216	0.9671920399198705	
285	293	0.9562414062405572	236	0.9824877352042963	270	0.984356007357232	
286	292	0.8910041348378777	12	0.9221842798210658	264	0.9232442955871992	
287	360	0.9188875693240057	229	0.9361170509629563	278	0.9512408359304884	
288	236	0.8639159542110358	229	0.8768483587929972	279	0.9370601664648786	
289	293	0.8986436411474577	239	0.9099152209417586	261	0.91250157177934	
290	261	0.9332771299535396	194	0.9404814794774297	662	0.9492911288693208	
291	263	0.9218417376289388	218	0.9524590832934148	154	0.9646677462667204	
292	286	0.8910041348378777	243	0.905357740782177	236	0.9243572269008117	
293	261	0.8414805810908847	232	0.8663947074122073	239	0.8757269928135479	
294	279	0.9543228464364432	295	0.9554629939937531	216	0.961315669850299	
295	218	0.9082501795403746	208	0.9239715318770603	275	0.9437802389902304	
296	218	0.8986090700968123	647	0.9761933962444584	278	0.9806990153267848	
297	299	1.0023240041567023	208	1.0194264509019126	232	1.0242042932600646	
298	218	0.9288571093750003	261	0.9421828928529663	293	0.9510282810456948	
299	230	0.9332733518006532	283	0.9484226645854376	363	0.9636148345893338	
300	393	0.932275429826793	309	0.9637100157613214	320	0.9799472254398801	
301	304	0.8951506149266811	387	0.9163352814737847	355	0.9282854575090106	
302	562	0.9566171711892928	110	0.9577059044938773	354	0.9577296515385658	
303	311	0.9800965552339045	301	0.9854619807814714	374	1.0040585039749668	
304	301	0.8951506149266811	346	0.9605839413280302	613	0.996456444042304	
305	386	1.0000502774534847	311	1.0087521329564846	398	1.0148572791235402	
306	396	0.9517338840813647	346	0.956200996490199	387	0.9610805117727076	
307	399	0.9546710707204591	664	0.9830946873933504	678	0.9869771980496395	
308	399	0.8905635674496986	367	0.9265855143464743	696	0.9674943229887312	
309	806	0.9031325021439064	357	0.9095020314013887	396	0.9335501723479741	
310	315	0.9720635571023728	355	0.9729308709624477	325	0.9855632840781869	
311	377	0.9017207354919775	337	0.902679548571806	325	0.9076407581417167	
312	309	0.9649099060591358	333	1.0104773878334288	396	1.0359472309411775	
313	16	0.9597133460722318	467	1.0111035202148813	152	1.0130156346630463	
314	366	0.9375781177206141	355	0.9615994518971175	315	0.9648047162291022	
315	366	0.9318198620184205	301	0.9330926399991925	357	0.9402625208484838	
316	339	0.9348142010318375	364	0.9462910770300281	346	0.9575100681416686	
317	903	0.9283572377646884	394	0.9431183305717429	363	0.9484710033305416	
318	311	0.9222057852924967	360	0.9422708145092986	355	0.947631709643076	
319	329	0.9205435535255672	387	0.9290593920822589	350	0.957306562164277	
320	366	0.930195895081419	357	0.9374169882864541	309	0.9548138674733666	
321	398	0.944439418146428	629	0.9491099048885143	145	0.9520788653460639	
322	344	0.9393076613521824	332	0.9589060648802714	390	0.9970871903995984	
323	325	0.9025779129927244	300	1.0240031684652153	974	1.0273580626727092	
324	562	1.0596511108178495	597	1.0710435333570405	344	1.074367076022623	
325	323	0.9025779129927244	374	0.9065325412157021	311	0.9076407581417167	
326	354	0.965390740823795	318	0.9792857709307202	386	0.9934131542161192	
327	903	0.9436108665315276	334	1.0031787666227496	359	1.004249052918673	
328	422	1.0020243741871098	355	1.0145860215870373	319	1.0204779795130867	
329	360	0.9194015345993266	319	0.9205435535255672	301	0.9425187327516338	
330	309	0.9612133016425997	384	0.9636105647074141	346	0.9727290295562011	
331	161	0.9058391242929468	620	0.9343142669081913	664	0.9364106992440532	
332	386	0.9071936608275281	309	0.9458983586760125	374	0.9472461309490837	
333	398	0.9357875835592465	360	0.9593343150542488	396	0.9871029710758091	
334	393	0.9496038130570335	325	0.9500436317881713	306	0.9642756854576157	
335	362	0.9276436721367398	399	0.9386306996679159	314	0.971528944216931	
336	346	1.025118637667672	380	1.0502549607185834	172	1.0690449566322107	
337	311	0.902679548571806	377	0.9513660476521092	315	0.9525192336021229	
338	399	0.9315607224779325	380	0.962289068824203	325	0.9794157343787363	
339	316	0.9348142010318375	390	0.9583538713635753	335	0.9717963482199788	
340	308	0.9684657792349458	309	0.998781507655466	350	1.0093385983072243	
341	311	0.9761697203506773	354	0.9813127771745073	398	0.9852057917622694	
342	389	0.9531333476310355	331	0.9954676756450096	357	0.9959869054707843	
343	967	0.959062656644722	755	0.9651394064751055	741	0.9674269145823476	
344	322	0.9393076613521824	390	0.988703868990972	309	0.9893365686495832	
345	322	1.0048778214358032	309	1.0234158656004784	332	1.0286638102857026	
346	386	0.9326534493875406	306	0.956200996490199	316	0.9575100681416686	
347	145	0.9978551099511264	319	1.0000527407374886	315	1.0160909611221987	
348	934	0.9490277644921071	301	0.9650868990346398	293	0.9675359519891221	
349	350	0.9719020156705097	396	1.0199863363471176	921	1.0227958693825288	
350	387	0.9388910193600386	332	0.9522335459047975	319	0.957306562164277	
351	311	0.9370790919823937	329	1.0016980841003837	811	1.0266999684588167	
352	315	0.9769191792219568	357	0.9880811278682967	16	0.9896954035799249	
353	387	0.9796861531748493	162	1.0030320432772812	355	1.0044276559002379	
354	399	0.9215582935881118	355	0.9425500459348094	302	0.9577296515385658	
355	301	0.9282854575090106	384	0.9293421204476255	311	0.936904211960783	
356	332	1.0380977845512878	355	1.0831630253341036	342	1.0882130788384146	
357	368	0.906120811660629	309	0.9095020314013887	320	0.9374169882864541	
358	309	0.9701613381444878	389	0.9748906611654075	311	0.9841687723621734	
359	377	0.9069564937103719	635	0.9225793780408218	243	0.9489556779898441	
360	287	0.9188875693240057	329	0.9194015345993266	261	0.9302352630334993	
361	208	0.9989316910262555	309	1.0028459415007642	308	1.023132184749035	
362	335	0.9276436721367398	406	1.0064838302052368	16	1.0071175818189775	
363	317	0.9484710033305416	145	0.9512173556370813	387	0.9514602421528807	
364	316	0.9462910770300281	354	0.9690405093274401	325	0.9796052933829287	
365	388	1.013521420998889	313	1.0282654485017066	322	1.0334288394644353	
366	320	0.930195895081419	315	0.9318198620184205	314	0.9375781177206141	
367	308	0.9265855143464743	389	0.9552168838675459	837	0.9585399101891233	
368	357	0.906120811660629	315	0.9727006657526734	398	0.9866414023994864	
369	263	0.9515006370238095	301	0.9583517241979536	396	0.9753944554085361	
370	315	0.9897371127973007	362	1.0086199062779466	321	1.0179869470849345	
371	374	0.8503720028074574	83	0.9342860473976893	22	0.9388856088357481	
372	321	0.9697465290116413	387	0.9829923228330981	374	0.9845805822120702	
373	390	0.9827550482045829	357	0.9895117532142376	325	0.9985155185915291	
374	371	0.8503720028074574	325	0.9065325412157021	332	0.9472461309490837	
375	399	0.9628560419076427	448	0.9796226083689339	308	0.9990261040599184	
376	339	1.0228557138143828	311	1.0299400800935787	320	1.0338055034780715	
377	311	0.9017207354919775	359	0.9069564937103719	337	0.9513660476521092	
378	318	0.9667070402178813	357	1.0095384742104387	382	1.0230176152675319	
379	399	1.0178948460085742	338	1.0427073880869004	311	1.04471909390818	
380	338	0.962289068824203	325	0.9637619534231954	393	1.0032762925881211	
381	301	1.0558656273136846	366	1.0686534313946687	311	1.0850319573234937	
382	306	0.9697009634742858	334	0.9718080215743116	360	0.9758287939629107	
383	399	0.9549581688236765	311	0.9676433529711618	145	0.9714485523666183	
384	355	0.9293421204476255	330	0.9636105647074141	334	0.9721348813179855	
385	314	1.0392118069813843	322	1.0423965401003246	315	1.069275329833701	
386	332	0.9071936608275281	346	0.9326534493875406	311	0.9673845054912135	
387	301	0.9163352814737847	319	0.9290593920822589	350	0.9388910193600386	
388	399	0.9412556618664224	355	0.9678631421730725	357	0.9772214368690352	
389	342	0.9531333476310355	367	0.9552168838675459	309	0.9651128561509894	
390	147	0.9307051679746294	339	0.9583538713635753	354	0.9663494327505737	
391	556	0.945977831764627	903	0.9531574435424186	338	1.0257595995811162	
392	396	0.9989909892917599	306	1.006258752227051	363	1.021140143884562	
393	300	0.932275429826793	334	0.9496038130570335	315	0.9853626502392474	
394	317	0.9431183305717429	355	0.9728413950727279	399	0.9925719038758694	
395	357	0.9579230660307606	309	0.9868414952810051	315	0.9926252751686523	
396	309	0.9335501723479741	306	0.9517338840813647	311	0.966356797968136	
397	396	0.9816129522126043	302	1.0431726579226603	328	1.0438704548539985	
398	333	0.9357875835592465	321	0.944439418146428	318	0.9535100364046464	
399	308	0.8905635674496986	354	0.9215582935881118	958	0.929748572748684	
400	480	0.9353583358426161	444	0.9914158191382941	410	1.005009775525362	
401	485	0.9926491500967898	496	1.0083633715573617	473	1.0198424060986084	
402	496	0.942650653984873	473	0.9693439886727458	465	0.9730345962537299	
403	444	1.0013232508657242	416	1.0138902546556745	658	1.0521056274662168	
404	434	0.9328157916939354	473	0.9377567872614628	714	0.9395325398296973	
405	427	0.900406644631962	434	0.9549474654818667	444	0.9652702108502915	
406	448	0.9108812653299504	664	0.9654837359548508	450	0.9811920137319652	
407	776	0.9038491766465492	473	0.9151941858965619	562	0.9285648581118694	
408	425	1.0020435545448914	451	1.0106011196167333	490	1.0177833455244356	
409	492	0.9262057334907661	444	0.9319741690077208	453	0.9529330088714942	
410	504	0.8457056317163058	765	0.9038688993427333	467	0.9166461171814877	
411	444	0.9884252831245661	453	1.0444650544877094	213	1.0447614963211052	
412	417	0.9314870277048574	498	0.948674395314054	481	0.9579797767581198	
413	434	0.9261119309610355	481	0.9393207442122619	562	0.9549368253051204	
414	431	0.9577625601352632	417	0.9886730599516877	427	0.9949674156398813	
415	444	1.0112900343934939	396	1.0158895876801262	448	1.0287225415183954	
416	441	0.9845218737052476	236	0.9907882818551851	144	0.9910100270420655	
417	412	0.9314870277048574	480	0.9344224763905168	453	0.9458151375417422	
418	427	0.9635464155147431	523	1.0094493633804407	436	1.023732362334275	
419	482	1.0429708583741948	113	1.0444319880512059	431	1.044448080294497	
420	451	0.949070747809371	473	0.9552856566734632	472	0.9940102897932077	
421	455	0.8636030871987292	467	0.9629644095505588	466	0.9667717613785847	
422	417	0.9977678385584591	450	0.9990242686016215	328	1.0020243741871098	
423	467	0.9575295275063334	441	0.9673427620352001	434	0.9680977914747048	
424	444	0.9724904901855167	410	0.9797646165983119	368	0.9968719439696313	
425	434	0.8768423922932574	496	0.9130867400597569	410	0.9586498917700703	
426	438	1.0298494912511305	451	1.031668298246295	463	1.0357605491564967	
427	405	0.900406644631962	466	0.9110630230825792	418	0.9635464155147431	
428	448	0.9856671158981326	473	0.9959446013467997	431	1.0090768706035773	
429	404	0.9908863253931568	444	1.0310927632195046	792	1.0343312731535756	
430	42	0.9645394078246537	223	0.9889062202484469	261	0.9894549915380648	
431	457	0.9133454659501616	452	0.9336340884441153	498	0.9352295232223421	
432	470	0.974797540491526	431	0.9749513158846427	434	1.0024188476336189	
433	444	0.9940042204762148	452	0.9972441830037254	457	1.0077238370577817	
434	425	0.8768423922932574	457	0.9098719348380478	413	0.9261119309610355	
435	444	0.9988227157699558	480	1.007068979374412	447	1.0255393087841107	
436	600	0.9002600245755683	497	0.9522064000441223	144	0.9647794788950494	
437	487	0.978099308517422	454	0.9802922903028356	485	0.9807490530695782	
438	457	0.9330662659276219	417	0.9963799389978558	431	0.9966165605019058	
439	493	0.9611966624661158	482	0.9711960956320314	455	0.9729995133597293	
440	467	1.0335074181827129	487	1.0504065521155608	434	1.0571112717152233	
441	467	0.9517771101261285	451	0.9520102012457234	423	0.9673427620352001	
442	637	0.96521979983627	410	0.9940333125102846	409	1.0039621367365077	
443	473	0.8684411249596211	492	0.9536803421105472	407	0.9548476167133788	
444	457	0.8922781321006964	882	0.9215752168521101	504	0.9305867815894658	
445	451	0.9224863987818085	434	0.9581073654204912	405	0.9689825341959105	
446	468	0.9671094129480209	405	0.9709580579255407	409	0.9823001136103003	
447	480	0.9641563578454633	498	0.9695699971354171	427	0.992640464628476	
448	406	0.9108812653299504	882	0.9133342396041789	487	0.9227037225327536	
449	423	0.9690923121978108	496	0.9873198692668664	490	1.0171200101370819	
450	491	0.9175509459108842	459	0.9700466375924308	467	0.979448469102685	
451	445	0.9224863987818085	263	0.9406442077748415	481	0.9440565184588019	
452	431	0.9336340884441153	410	0.944796178210499	417	0.9521725632422567	
453	473	0.8797893756926581	494	0.9263031774393832	487	0.9322436168069116	
454	658	0.924988750691883	481	0.9630145810335412	437	0.9802922903028356	
455	421	0.8636030871987292	490	0.9209163202798409	487	0.9330088839560848	
456	441	0.9871705541481873	448	1.0050986321818163	467	1.0056982039666293	
457	444	0.8922781321006964	434	0.9098719348380478	431	0.9133454659501616	
458	473	0.9844588916264961	451	0.9991782651375262	424	1.004197103415469	
459	455	0.9420493034546907	496	0.9535009679137324	462	0.9606673542892056	
460	492	0.991715938889767	473	0.993234333394286	480	1.0214100166888072	
461	454	1.0280404203082363	453	1.030500551366407	482	1.032895793643107	
462	459	0.9606673542892056	450	1.00791352893179	958	1.0125342383208167	
463	524	0.9318893424721566	490	0.9366126863817382	493	0.9654008390190112	
464	434	1.001255454799099	938	1.0246245360972661	457	1.0365893755783684	
465	402	0.9730345962537299	477	1.0044032552891875	444	1.0146552137069167	
466	427	0.9110630230825792	421	0.9667717613785847	471	0.9797281252784484	
467	491	0.8937068119386813	410	0.9166461171814877	504	0.920843962424372	
468	490	0.9204529035824273	455	0.9464833493469543	446	0.9671094129480209	
469	410	1.0029381969869542	480	1.010029296712122	964	1.014468133467465	
470	482	0.9116662740116502	407	0.9488949836567316	473	0.9746130420772651	
471	147	0.9325264827338124	477	0.9658192651072127	405	0.9660067991709654	
472	443	0.9590892487794453	407	0.9604249012490214	498	0.9616087842772727	
473	443	0.8684411249596211	490	0.8792609050754858	453	0.8797893756926581	
474	721	0.9796450790403752	443	0.9904984186951586	467	1.0026738038363205	
475	448	0.9545343904923522	162	0.959768180144717	914	1.0021491529309092	
476	490	0.9784203673295054	457	1.0070054378975473	473	1.0114055408845002	
477	471	0.9658192651072127	444	0.9755090175727963	465	1.0044032552891875	
478	490	0.9731335886815131	480	1.0199371451264674	497	1.0222330335618839	
479	457	0.9447082231508678	487	0.9485261839008259	451	0.959419545686069	
480	444	0.9310978331229672	42	0.9332759367116019	417	0.9344224763905168	
481	904	0.9269082162274701	602	0.9270520702305275	974	0.9289315517738581	
482	470	0.9116662740116502	113	0.9494232859306465	194	0.9519191853140364	
483	497	1.0052556583725978	431	1.0108510018869405	455	1.0241208484251023	
484	293	0.9810084681306062	479	1.0179602140817798	414	1.038215667190682	
485	473	0.9700359686464182	468	0.9756771040580196	437	0.9807490530695782	
486	458	1.0273307957261	491	1.0286594371886006	434	1.0342115506318434	
487	448	0.9227037225327536	453	0.9322436168069116	455	0.9330088839560848	
488	76	0.9130517223499655	13	0.9794080696690549	93	0.9838346625285224	
489	453	1.0001490772555641	468	1.0141541231430615	658	1.028906396596052	
490	473	0.8792609050754858	468	0.9204529035824273	455	0.9209163202798409	
491	467	0.8937068119386813	457	0.9138825480599676	450	0.9175509459108842	
492	409	0.9262057334907661	443	0.9536803421105472	270	0.9570035080362401	
493	439	0.9611966624661158	463	0.9654008390190112	407	0.9743551086566162	
494	453	0.9263031774393832	473	0.9680042143592009	480	0.9731777454135963	
495	492	1.0381388678318888	485	1.038170478860668	474	1.0424104972250638	
496	425	0.9130867400597569	434	0.9425311684418028	402	0.942650653984873	
497	436	0.9522064000441223	480	0.9913556055286827	573	0.9925292613758696	
498	431	0.9352295232223421	480	0.9367462877726944	412	0.948674395314054	
499	427	0.9724209885999192	404	0.9890934704430169	473	1.00044720134865	
500	552	0.9905925311459842	580	0.9913325771396976	528	1.0121584063495193	
501	580	0.987055505488804	505	0.9993359652943632	572	1.0045016536930695	
502	59	0.9733160688788377	933	0.9955147793964413	498	1.011114871275584	
503	810	0.9469073910607804	767	0.9524301765768854	194	0.961629195591524	
504	410	0.8457056317163058	467	0.920843962424372	562	0.9250348312030217	
505	551	0.8770408612148554	544	0.8911542530882951	592	0.8940158858247922	
506	166	0.96237913988577	539	0.9891762477813496	543	0.9970820236619202	
507	562	0.8830885211677351	567	1.0239405840504223	721	1.0292157979436372	
508	527	0.9694263238487371	505	0.9829754208764631	569	0.9940914919088835	
509	556	0.8600230442498721	525	0.9143488304106323	562	0.9446235200686698	
510	576	1.0076727627543653	528	1.0140452614339754	519	1.0358619226261236	
511	973	1.044875183726367	145	1.0509698644023908	865	1.0626036019936616	
512	543	0.8762281915348008	540	0.9011082971677742	575	0.9073080794197306	
513	714	0.9533777305194757	505	0.9612938706051081	546	0.9775258659888243	
514	369	0.9895151337758813	544	1.0140279269743047	530	1.0151083448831784	
515	934	0.9578326837103084	519	0.962910662850564	562	0.9829607770944172	
516	504	0.9387730697995175	572	0.9583313330091056	562	0.9602865818505134	
517	556	0.9384779424629368	562	0.9538645014413921	580	0.9854042268390475	
518	536	0.9085576278307417	588	0.955310333549309	531	0.9576951472771023	
519	556	0.8727047737532498	580	0.9076845872282757	524	0.9302869298955766	
520	580	0.9750750861435594	467	0.989784780301089	505	0.9900843715810951	
521	528	1.00423550225403	765	1.0119782256323522	562	1.0180926822443945	
522	544	1.0422929373961103	579	1.0490563298098794	505	1.061786053620408	
523	562	0.9727650093130545	554	0.9986474548505464	418	1.0094493633804407	
524	567	0.8971747278754134	556	0.9023502153629777	519	0.9302869298955766	
525	562	0.9140865238193224	509	0.9143488304106323	580	0.9329158371846807	
526	505	0.9750138378869488	551	0.9804400553796777	580	0.9805490138304287	
527	573	0.9222268196544661	552	0.927280608976549	533	0.963258484788977	
528	576	0.8515399562176342	546	0.8746632735780827	596	0.9270520711599498	
529	556	0.9419452801693455	580	0.952660925182527	519	0.9545832305777027	
530	505	0.9811479150450205	580	0.9903358198799848	562	0.9904209837364671	
531	518	0.9576951472771023	529	0.9866888653358242	583	0.9966331385099205	
532	552	1.0031357499587967	526	1.0084972843454612	556	1.008934143179397	
533	567	0.9472924353239836	527	0.963258484788977	566	0.9638512975755842	
534	767	0.9589628381338341	723	0.9591500855171045	576	0.9667083143409235	
535	794	0.9377965972860526	761	0.9577219430052553	567	0.9862778517387482	
536	518	0.9085576278307417	505	0.9267280341498092	592	0.930965240779234	
537	129	0.9870201060710714	580	0.9883605650225149	331	1.0026312366287478	
538	504	0.943769872970434	597	1.0248308204844319	549	1.0326199165790346	
539	544	0.9330249911624126	519	0.9341119355310691	505	0.9451850363452559	
540	572	0.8941812139211027	512	0.9011082971677742	556	0.9152065346112176	
541	536	0.9653094838115241	560	0.9756335575055877	580	0.9862826694201259	
542	481	0.9673352800025938	523	1.0095657112713077	13	1.013605302224866	
543	512	0.8762281915348008	562	0.9249473192970097	549	0.9267447541812729	
544	505	0.8911542530882951	539	0.9330249911624126	573	0.9602254071098199	
545	535	1.0072998313788655	534	1.0174155155105056	761	1.0205281134992201	
546	528	0.8746632735780827	572	0.9118118035378939	505	0.9268828316892194	
547	592	0.8961560983370735	567	0.9294927743551822	579	0.9308026016542892	
548	512	0.9694653184137872	562	0.9865069178367122	556	0.9888841236869557	
549	562	0.9204626464822346	543	0.9267447541812729	512	0.9307825283769804	
550	145	0.9692662114494325	526	0.9964996049407993	558	1.0002515450850316	
551	505	0.8770408612148554	580	0.9092994354800882	546	0.9317621915593906	
552	580	0.9070437342729212	578	0.9139318054192117	546	0.927125822475741	
553	505	1.0078928915166074	12	1.034391597959655	567	1.0539049320114875	
554	562	0.9247930820721525	551	0.9885033907104503	596	0.9957399150600977	
555	552	0.938270576255929	562	0.9850769983536181	525	0.9979720813315875	
556	509	0.8600230442498721	519	0.8727047737532498	562	0.8988141612917708	
557	567	0.9699460384401581	547	1.005483038625878	580	1.0173209051076537	
558	512	0.9419770355444762	504	0.9549317880114776	556	0.9590390929025541	
559	588	1.000617760877706	518	1.0154482093760548	580	1.0245103820413848	
560	541	0.9756335575055877	383	1.0425051469593092	505	1.050609934771253	
561	580	0.9115736147199773	551	0.983563830585527	655	0.9839448759966396	
562	507	0.8830885211677351	556	0.8988141612917708	572	0.9017445628244273	
563	526	0.9875188622220104	524	0.9876202104478317	588	0.9959594795524749	
564	57	0.9822221900379839	518	0.985633932344517	39	0.99060705305244	
565	573	1.016467729210542	286	1.0254522151520913	566	1.028971698713051	
566	556	0.9458407674322412	572	0.9467801881713273	580	0.9572497343661766	
567	524	0.8971747278754134	547	0.9294927743551822	533	0.9472924353239836	
568	504	0.973308674403904	959	0.9778209305137697	286	0.9876621053023315	
569	145	0.9227118740496533	620	0.9368751535660189	556	0.9401831252468105	
570	145	0.9616719485534504	519	0.9701421012564383	786	0.9777861976317963	
571	556	0.9939484164226392	580	1.0169324071335912	620	1.0374387424146945	
572	540	0.8941812139211027	562	0.9017445628244273	546	0.9118118035378939	
573	527	0.9222268196544661	544	0.9602254071098199	505	0.9708953448793696	
574	508	1.0194055382611182	528	1.041235384475853	552	1.043499659297082	
575	505	0.9015053073789595	512	0.9073080794197306	580	0.9412766974271486	
576	528	0.8515399562176342	547	0.9509430813628379	524	0.9514399722913757	
577	551	0.9767553972290801	562	0.98880416224582	539	1.0014939883542	
578	580	0.8546641840222012	596	0.8969115989875701	620	0.9070805825196713	
579	547	0.9308026016542892	524	0.9661700923435178	562	0.9754242561526419	
580	578	0.8546641840222012	552	0.9070437342729212	519	0.9076845872282757	
581	505	0.9667914440433502	22	0.9688971034249574	543	0.970815042166375	
582	543	0.9716793390085329	505	0.9746160055523599	561	0.9926497499355842	
583	546	0.9478466602710678	528	0.9637770552289886	767	0.975011805276034	
584	556	0.9326468004783866	505	0.9956792769398596	509	1.0077212149751278	
585	93	0.9408484688047899	761	0.9496442577321464	973	0.9653884290002066	
586	959	1.0483592476349666	576	1.068569879848885	600	1.0708674988280653	
587	567	0.9696811118455464	592	0.9933328151810016	524	0.9936371489023941	
588	658	0.9200515505565156	518	0.955310333549309	973	0.9684577771324124	
589	578	0.9732868526396949	524	0.9750003985798021	556	0.9802562670042093	
590	309	1.0373042815506772	959	1.03816146982962	578	1.0486734815365313	
591	540	1.0144545891443146	556	1.037454644825947	390	1.0390814428715993	
592	505	0.8940158858247922	547	0.8961560983370735	536	0.930965240779234	
593	556	0.9769399196655686	480	0.9808938491758833	505	0.9902525590591631	
594	543	1.030115959520017	556	1.0469960877043087	578	1.0547131299071824	
595	528	0.9856143717800477	575	0.9871263892640066	22	1.016504103201308	
596	578	0.8969115989875701	528	0.9270520711599498	509	0.9493317914129177	
597	562	0.9533741846178889	505	0.9590806725868778	556	0.9630250244882318	
598	533	0.9828219369582871	989	1.0033204866231036	547	1.0129412073628192	
599	883	0.9648017406455546	536	0.965604182162558	572	0.9668165510876938	
600	436	0.9002600245755683	609	0.9076294554239794	673	0.9365711106277177	
601	636	0.9597652122341009	632	0.9856338321356499	681	1.0106285253497713	
602	680	0.9113390510519435	620	0.9132592254138451	651	0.9175765807014742	
603	632	0.9984729010231146	662	1.0059565678920197	609	1.0147571569523743	
604	649	1.0060109897563874	664	1.0240942471777512	22	1.0662624443274495	
605	767	0.9313931601392602	967	0.9390066079321858	301	0.9482687624858392	
606	636	0.9352328675253941	621	0.9364304517015146	628	0.9418199279795357	
607	662	0.9662533572904836	273	0.9770445771200437	627	0.978646353736648	
608	273	0.9652213098894241	662	0.968441252446266	652	0.9757150008154414	
609	631	0.8825356907692763	600	0.9076294554239794	648	0.919335841541032	
610	680	0.9187961369246835	617	0.9269118820797978	631	0.9516035166774295	
611	133	0.9799530672883712	247	0.9819168274521947	261	0.9980778911864315	
612	632	0.9088135981528203	681	0.9502538085040787	662	0.9701971681253053	
613	624	0.9809375318178769	688	0.9904927089816254	304	0.996456444042304	
614	652	0.9866275637242768	653	0.996219271563641	680	1.0088318891596613	
615	655	0.9320662068424197	652	0.9634209908415046	620	0.9721036554507164	
616	658	0.9183447570554597	147	0.9635345684438243	51	0.972530938511712	
617	648	0.918410839632306	610	0.9269118820797978	662	0.9477983562244418	
618	803	1.0006377602060168	662	1.0020736679920028	999	1.010069018457304	
619	662	0.9296711993723663	664	0.9418812394997234	665	0.9672079370461123	
620	664	0.8655013723462261	639	0.8764660032566728	649	0.881224406743633	
621	680	0.9329654227584016	606	0.9364304517015146	646	0.95283776911765	
622	671	0.9008662432505881	651	0.9499722985295292	623	0.9657387718545828	
623	617	0.9545915723146476	622	0.9657387718545828	658	0.9870873807737635	
624	662	0.9215194293174143	118	0.9801822092811229	613	0.9809375318178769	
625	662	0.8807857937600964	686	0.9900786118769159	651	0.9925793702931855	
626	602	0.9941575088235446	135	0.9988503401634153	665	1.0067704904814785	
627	665	0.9492153221899842	632	0.9752895920026657	607	0.978646353736648	
628	620	0.9038899441496122	658	0.9201282783223782	606	0.9418199279795357	
629	670	0.9447355568111964	321	0.9491099048885143	620	0.9670079113008052	
630	620	0.9178504757194917	631	0.9477358445768713	609	0.9672514731888884	
631	609	0.8825356907692763	680	0.9018739369508222	665	0.9210427921345591	
632	662	0.8885520617623973	690	0.8912197604260312	620	0.8983629654214592	
633	609	0.9239580235094565	631	0.9419737530528272	662	0.9531220957583297	
634	653	0.9707498989161292	688	0.97742348242131	609	0.9809379312570987	
635	620	0.8964426499885219	665	0.9039228799665068	359	0.9225793780408218	
636	606	0.9352328675253941	632	0.9502983230088807	601	0.9597652122341009	
637	681	0.9236358397771961	662	0.9422068563025376	664	0.9574403486265215	
638	690	0.9751790157164028	632	0.983188043458376	620	0.9910014587233253	
639	620	0.8764660032566728	467	0.9510031767646421	680	0.9528820064176249	
640	663	0.9557285010996449	622	0.9775312174304135	642	0.9823182455065732	
641	645	0.9658139644848633	635	0.9680354340011342	610	1.013656710263975	
642	665	0.9439621971731318	652	0.9513079166000273	692	0.9597951585933098	
643	680	1.0061166903646883	688	1.0186736979295858	12	1.027808825893081	
644	692	1.02900506802293	633	1.0410989289703911	609	1.0793753453286263	
645	647	0.9569335478060146	635	0.9633294029715929	641	0.9658139644848633	
646	620	0.9470931315097142	621	0.95283776911765	677	0.9584242661315746	
647	690	0.8923545915490495	680	0.9543671345543718	694	0.9567123712306239	
648	617	0.918410839632306	609	0.919335841541032	680	0.9253232837398409	
649	620	0.881224406743633	628	0.9539665042447051	664	0.9600101748447573	
650	658	0.9973116133935729	620	1.049112263797901	666	1.055584920868207	
651	602	0.9175765807014742	622	0.9499722985295292	681	0.9548366402051623	
652	631	0.930237626984418	882	0.9351622674308429	642	0.9513079166000273	
653	620	0.9432149281893017	634	0.9707498989161292	614	0.996219271563641	
654	663	0.962633384377195	648	0.9838793683748194	635	0.9968537547038583	
655	615	0.9320662068424197	648	0.9740960159659343	632	0.9751707782297343	
656	649	0.9616065438851481	687	0.9635553655395886	602	0.9762735783944552	
657	670	0.9540529662895656	664	0.9730596615138193	652	0.9772288674699198	
658	616	0.9183447570554597	588	0.9200515505565156	628	0.9201282783223782	
659	635	0.9486523052626502	688	0.9941405806406989	678	1.0095851225094603	
660	690	0.9303259621007346	662	0.9714891568849097	206	0.9773967861518587	
661	690	0.9746804272658887	662	0.9788236015773742	762	1.0012411372410095	
662	788	0.8531977204961678	625	0.8807857937600964	632	0.8885520617623973	
663	640	0.9557285010996449	609	0.9613644899815077	654	0.962633384377195	
664	695	0.8410800003314288	620	0.8655013723462261	261	0.9153590439313339	
665	635	0.9039228799665068	631	0.9210427921345591	642	0.9439621971731318	
666	639	0.976091529761179	664	0.9904366188093693	695	1.0096285752312457	
667	690	0.9261876288679692	602	0.9646094301237026	652	0.972290187456094	
668	161	0.9929104788525955	630	1.0076402531204938	898	1.0211564166147384	
669	680	0.9873783548647896	636	0.9880783260293562	76	0.9894578014094734	
670	629	0.9447355568111964	635	0.945996926289388	658	0.946112746428242	
671	622	0.9008662432505881	664	0.9294395255236475	147	0.9647610752577488	
672	147	0.8685671888054755	676	0.8873629714362086	93	0.9290352646825799	
673	600	0.9365711106277177	652	0.9711192989193137	640	1.0191712141753584	
674	620	0.9575893848721415	607	0.9870401837502895	602	0.9873717506199121	
675	617	0.9736787979194654	664	0.9857059912473207	658	1.0147267714520114	
676	672	0.8873629714362086	837	0.9444432066714202	648	0.953133795442344	
677	620	0.9204996728952315	689	0.9544566190853808	646	0.9584242661315746	
678	307	0.9869771980496395	647	0.9890335992991025	642	0.9913881316301857	
679	612	1.0449136123611178	699	1.0559338923912664	648	1.0653548391786605	
680	631	0.9018739369508222	602	0.9113390510519435	882	0.916631459726826	
681	637	0.9236358397771961	620	0.9270904526583048	635	0.929377152879944	
682	664	0.9753439439444382	645	0.9812241267435162	647	0.9813468597100852	
683	658	0.9796298326382954	682	0.9893726102253988	647	0.9968587192145293	
684	636	1.0477253952889405	642	1.0520811733822928	634	1.0528462286634352	
685	145	0.9491602079549103	635	0.9932998377775071	613	1.0266810563328586	
686	658	0.9408265287828318	692	0.944204692321347	16	0.962080147274032	
687	620	0.934752285185762	632	0.9502982601133586	656	0.9635553655395886	
688	680	0.9346101094973323	693	0.9527916611929402	635	0.9638551021820869	
689	677	0.9544566190853808	680	0.9725250122958402	620	0.9812669045990099	
690	632	0.8912197604260312	647	0.8923545915490495	680	0.9252959098372138	
691	12	0.9809748951431669	16	0.9933066890514661	648	0.9984854463042896	
692	686	0.944204692321347	642	0.9597951585933098	658	0.9692398585337266	
693	632	0.9478394788713875	688	0.9527916611929402	578	0.9757657531626953	
694	761	0.8909780922137364	617	0.9483054502035999	647	0.9567123712306239	
695	664	0.8410800003314288	620	0.9379993333313013	662	0.9589845131924507	
696	308	0.9674943229887312	144	0.9954470644542471	959	1.0171303720375273	
697	578	0.9843191582711682	569	0.9969765539187432	632	0.998391680043076	
698	672	0.9858278087282702	645	0.9940009464103737	635	0.995794040929271	
699	22	1.0050930883875095	667	1.0095527465513185	664	1.0140417045637502	
700	728	0.9737282845238462	755	0.9856250136710558	771	0.989015055033493	
701	771	0.9289560223805589	779	0.9300395795402701	719	0.9389448549783852	
702	795	0.8657704332359142	733	0.8772721792535144	743	0.9253020144539513	
703	632	1.062787545441602	761	1.0871349360241318	710	1.0888524806476139	
704	771	0.9803750559015649	959	1.0338930199812926	163	1.0397225611216458	
705	359	1.013458065971556	781	1.0233104267251605	338	1.0343147462732205	
706	620	0.9146087953435634	721	0.9345679998567982	755	0.9391606733278823	
707	93	1.0265502194254659	882	1.0401760135000142	771	1.0450938913669356	
708	771	0.9481467100122047	786	0.9538933539805998	767	0.9559886953255899	
709	725	0.971627400980259	767	0.9736924957569221	791	0.9935314621319452	
710	701	0.9861167503219685	771	0.9878487735850346	761	1.0004365453318125	
711	771	0.941912929085669	714	0.9608096920654315	702	0.9673178109283738	
712	748	0.9925647329265131	771	0.9932048520192239	737	0.9947828856096019	
713	778	0.9339740898705817	728	0.9461356401056134	759	0.9462750012121539	
714	99	0.9124228879391962	757	0.9140639164714646	756	0.9239892366894695	
715	794	0.9856451253275942	754	0.999972297614532	711	1.024859382535045	
716	725	0.9600249609972438	701	0.9622995659283319	770	0.9796988873742201	
717	701	0.9782096022049062	768	0.9878350904403838	771	0.9902885860588119	
718	761	0.905429471212009	989	0.9689166833607299	778	0.981271291131939	
719	701	0.9389448549783852	723	0.9883166573106316	731	0.9920494477858013	
720	755	0.9512014153560548	708	0.9901093930008653	367	0.9979033306822894	
721	794	0.8846757662161021	706	0.9345679998567982	145	0.9353769475155497	
722	413	1.01271591284214	785	1.0292765242994633	719	1.0417459629418506	
723	767	0.9093899343228086	788	0.933583609887774	534	0.9591500855171045	
724	778	0.9243456428779174	755	0.9294497459919672	737	0.9980202882816703	
725	701	0.9595394585142965	716	0.9600249609972438	754	0.9605014461286002	
726	755	0.9648122249007093	749	1.0120870932040342	716	1.02481297587536	
727	658	0.9363575440184276	93	0.9912041375861124	755	1.0002312545231615	
728	755	0.8483882444046833	737	0.9211608514199202	713	0.9461356401056134	
729	733	0.9662158247436267	761	0.9869686892840552	750	0.9913974608994379	
730	744	0.9847648678925145	767	0.9956397869678384	748	1.0013985330118171	
731	771	0.8909908757337893	904	0.9454506329685101	331	0.9517275926504888	
732	788	0.968805096829345	708	1.007401450947773	706	1.011159369716777	
733	702	0.8772721792535144	791	0.9495004649445482	736	0.9594231323152567	
734	759	0.9796914176284462	702	0.9917065496501559	767	1.000504624590341	
735	967	0.9853944206703827	755	1.0013762095474121	701	1.0118454296992538	
736	755	0.9400983203315945	714	0.9546310094505571	733	0.9594231323152567	
737	788	0.8574738325643889	728	0.9211608514199202	771	0.9274590318557208	
738	767	0.9254770704329623	788	0.9893799341496874	789	0.998442401857332	
739	773	0.9623879713635916	768	0.9790252498052909	714	0.9812625486508499	
740	777	1.0217197428509723	771	1.0316763097891362	788	1.045200228576521	
741	343	0.9674269145823476	755	0.9709471348105058	194	0.9747840516189828	
742	292	1.0034551498367223	755	1.04198207885753	706	1.0722588859842426	
743	767	0.9147337969807973	788	0.9162980853805562	702	0.9253020144539513	
744	702	0.9538565493366953	706	0.9716436641232026	737	0.9738645405840686	
745	737	0.9793562157290047	761	1.0026481818131103	788	1.003447582996622	
746	279	0.9410585123372025	761	0.949866798689281	765	0.9867130158910106	
747	737	0.9804208958927101	768	0.9816337228514043	609	0.9831300805650336	
748	780	0.9293874419722091	767	0.9497788013146261	771	0.9601647839424391	
749	767	0.9818976327040212	751	1.0067530876959256	775	1.0087339518025717	
750	729	0.9913974608994379	702	1.0185792455057971	768	1.0215680974930161	
751	737	0.9462177272554622	755	0.9787931900442287	775	0.9860344789819675	
752	755	0.9669645202363725	720	1.001772299238614	771	1.0320466061358633	
753	701	1.0337315443872903	791	1.0497004940463146	771	1.0642059582029764	
754	725	0.9605014461286002	765	0.9717055863831418	755	0.9954969942421712	
755	728	0.8483882444046833	771	0.8773729253920456	762	0.8825792362113841	
756	714	0.9239892366894695	702	0.9933416003035788	958	0.9962447891040919	
757	714	0.9140639164714646	145	0.9376233401525119	702	0.9626423787998757	
758	467	0.945480357046584	736	0.9649167766518975	700	0.9915889532859723	
759	713	0.9462750012121539	791	0.9631765641746386	733	0.976892780607493	
760	788	1.0137509889086527	778	1.0310994393131288	708	1.0314836185521128	
761	755	0.8837934958198677	694	0.8909780922137364	767	0.8948429621607208	
762	755	0.8825792362113841	620	0.9345024938128836	767	0.96068443947188	
763	632	0.9935929919238734	771	1.0060698515012645	708	1.008783805684252	
764	751	1.0567976592792874	765	1.075480682433137	707	1.0888160036931605	
765	410	0.9038688993427333	467	0.9276527327010133	791	0.9489641976414935	
766	504	0.9952542542096989	794	0.9981909331752757	792	1.002483878408791	
767	791	0.827815196422931	761	0.8948429621607208	788	0.9066452647524138	
768	761	0.9009862455457479	714	0.9465860998482304	788	0.948355664469498	
769	788	0.8962965694568749	672	0.983442187142901	761	0.9961012313160524	
770	893	0.9561391460407852	794	0.9592894036405193	716	0.9796988873742201	
771	755	0.8773729253920456	731	0.8909908757337893	788	0.9230194678394646	
772	145	1.0396447349016675	38	1.0423365763371726	544	1.047996253818429	
773	904	0.950238349707729	739	0.9623879713635916	236	0.9704631950496934	
774	708	1.0108486046525513	733	1.0279985856997749	744	1.0453201521903146	
775	737	0.9337616269515268	706	0.9511347327901679	771	0.9576757229369773	
776	407	0.9038491766465492	791	0.9148681238181375	716	1.0173817551946	
777	737	0.9494876172280606	788	0.9539435880798858	261	0.9555037803379398	
778	724	0.9243456428779174	713	0.9339740898705817	755	0.9584303544034668	
779	701	0.9300395795402701	771	0.9367887399152511	768	0.9609033014263603	
780	791	0.9027606702366229	748	0.9293874419722091	737	0.9693155325965326	
781	967	1.0085201111086315	705	1.0233104267251605	794	1.0244543555118926	
782	768	1.0371547738413063	145	1.0628488983566728	755	1.071467429566263	
783	755	0.9238914203966535	779	0.9905573057923922	309	0.9920664216598798	
784	773	0.9863122823892086	770	0.9936664858658737	788	0.999583587872912	
785	708	0.9700885073062308	755	0.9702446802807756	721	0.9792959069458429	
786	708	0.9538933539805998	232	0.9643042801808573	407	0.9712033322478274	
787	750	1.0688579762839898	714	1.072722676517391	702	1.0821207033942135	
788	662	0.8531977204961678	737	0.8574738325643889	769	0.8962965694568749	
789	767	0.9610226474418366	145	0.9935664876344406	738	0.998442401857332	
790	771	0.9513394470644014	755	0.9593973358435653	748	0.9708422502307649	
791	767	0.827815196422931	780	0.9027606702366229	776	0.9148681238181375	
792	721	0.9435166615908211	771	0.9831278022752639	737	0.9844288492031752	
793	755	0.930538062518119	721	1.0061525587637576	785	1.0207448409112725	
794	721	0.8846757662161021	761	0.9284976188959626	535	0.9377965972860526	
795	702	0.8657704332359142	706	0.9687432594116078	794	0.9761058046163963	
796	748	1.01428958911319	243	1.0146968359565471	466	1.0224713434506136	
797	702	1.050860726663377	725	1.052929774009969	237	1.0550258707433147	
798	755	0.9723997339356414	762	1.0010408012957874	632	1.0073783464353647	
799	791	0.9562863236727412	716	0.9805379724894818	163	1.0018180080336017	
800	893	0.915033811413817	861	0.9350579788616611	882	0.9396054417925607	
801	884	0.923191899636999	829	0.9296279481635967	122	0.9410134712931632	
802	806	0.9184212769198267	893	0.9658857754255507	829	0.9728590712301259	
803	859	0.8816529252120726	837	0.8971836192405603	858	0.9259208420347947	
804	867	0.9439118475501329	806	0.9645890285177374	852	0.9837522003550695	
805	855	0.9755577785249651	566	1.0165437824192474	325	1.0257295954658925	
806	882	0.8445503017676671	855	0.8673596408872345	819	0.8787029786697456	
807	935	0.9356375613959169	794	0.9558590147255104	867	0.9786482599475558	
808	849	1.013171869405464	794	1.0139535248662785	34	1.022826850655261	
809	818	0.9753498611912755	837	0.9799729011957299	620	0.9831803624389286	
810	806	0.9407154016129721	885	0.9411074990163405	503	0.9469073910607804	
811	806	0.9460420634527125	818	0.9499260089256628	894	0.9738126846867042	
812	871	1.0225087075801575	817	1.03116778340206	821	1.0573331752650865	
813	885	0.9761067364183379	965	1.015066828273509	806	1.0177583585869385	
814	862	0.9540680323193226	806	1.01700815033241	822	1.0207229050062645	
815	806	0.9535305373834876	893	0.9537363051035859	869	0.9926513505170483	
816	893	1.022849910274598	129	1.0406190349600999	880	1.0526873174131832	
817	417	0.9466112443801498	880	0.9677075551124585	894	0.9749042661795686	
818	862	0.9243833607580343	806	0.9338094954331324	93	0.9445619882523009	
819	806	0.8787029786697456	821	0.9272613552224821	835	0.9354420040033891	
820	882	0.8749560775476237	806	0.9035790060983775	880	0.9123991701569428	
821	846	0.8824952243605313	806	0.8859871377070894	819	0.9272613552224821	
822	876	0.9707338899897829	870	0.9740841019547941	309	0.9764917235880943	
823	846	0.9574777979918826	869	0.9700604219931827	821	0.9808466524327782	
824	894	0.9885014351367422	880	0.9895143734249409	881	0.9980616669070234	
825	882	0.9488184107102545	967	0.9554951200136081	894	0.9823368364886155	
826	882	1.0104715774259827	880	1.0145546118958062	897	1.0443216204898442	
827	806	0.9498337863211948	869	0.9836244127006645	821	1.00430778554048	
828	893	0.9708610233194381	806	0.9764133720601248	845	1.0044934940493695	
829	859	0.9095027390613791	801	0.9296279481635967	820	0.9412891981633384	
830	803	0.9402913960323277	859	1.0501337278232763	858	1.0588325806559267	
831	141	0.9909205883688373	803	1.0069394266233729	800	1.0077324201921234	
832	803	0.9605902489058135	806	0.9782424207292117	880	0.9855353888717618	
833	882	0.8922336066842139	806	0.939196955518009	821	0.9696711399844775	
834	893	0.994607236121774	862	1.000819474903768	876	1.0357229512922468	
835	819	0.9354420040033891	806	0.9425060797097851	894	0.963066965435756	
836	820	0.9856646626930823	810	1.0176830813627673	806	1.0214937031737392	
837	803	0.8971836192405603	806	0.916382279415282	658	0.9318354361923301	
838	806	0.954845474938524	872	0.965355320820844	803	0.9979425579846646	
839	811	1.0282676779134334	862	1.0297747603047156	867	1.0343638629059764	
840	819	0.9784154358154162	806	0.9967934116892864	208	1.0075183769495444	
841	868	0.9608174053735418	967	0.9688311181481378	940	0.9812873308888908	
842	806	0.9401175637236565	855	0.9567371486978962	882	0.9814956159046989	
843	572	1.064409210055724	553	1.0819841765568945	562	1.0907753764944588	
844	202	1.033127241558548	861	1.0492729670085867	619	1.0586901184818336	
845	821	0.9577812837478483	635	0.9705764963896956	893	0.9731880088152495	
846	821	0.8824952243605313	806	0.937835221176068	578	0.9509675561049438	
847	803	0.9625025416071838	806	0.9684115209553028	837	0.9713449927016342	
848	806	0.9964173158146924	835	1.0020359054509835	800	1.0064239936416641	
849	806	0.9386302755996606	858	0.9836730213673673	820	0.9869401126474365	
850	859	0.9136953970164662	882	0.9459843322193999	206	0.9462510310470876	
851	800	1.08667255950772	620	1.086973935255646	842	1.0936533185135464	
852	804	0.9837522003550695	838	1.0067848403052881	806	1.0326012176751156	
853	309	1.0322586318773237	837	1.0324233283419517	368	1.0348241411138988	
854	880	0.9910918485860069	807	0.9926210173940111	260	1.0040630963767812	
855	806	0.8673596408872345	893	0.8872076419282521	904	0.9322273930975378	
856	806	0.9567513068770854	855	0.9956079670490959	842	0.9996807422486668	
857	822	1.0245610292582665	417	1.028929681073236	885	1.0564708714994804	
858	806	0.9208657506940829	803	0.9259208420347947	884	0.9365470330482195	
859	803	0.8816529252120726	882	0.8963785006088374	829	0.9095027390613791	
860	820	1.057400799918565	835	1.0780690728057742	893	1.0781048554192665	
861	800	0.9350579788616611	967	0.9572171531598359	806	0.957670167992917	
862	818	0.9243833607580343	820	0.9247738806930877	806	0.9493283901794767	
863	820	0.9191368431221597	882	0.946241575318617	862	0.9637529775488548	
864	910	0.9592692022911855	99	0.9624911476579286	846	0.9799338700868115	
865	883	0.9395601538464055	884	0.9686691400746671	562	1.0071683356754773	
866	850	0.9820870386382219	882	0.9905366512850232	806	0.9929689608355811	
867	806	0.9209690156254181	804	0.9439118475501329	820	0.9505740166425254	
868	841	0.9608174053735418	888	0.969518593769522	876	0.9809385755545682	
869	883	0.9546456425295947	893	0.969370826264055	823	0.9700604219931827	
870	93	0.9295736962511985	882	0.9429185494003103	884	0.9490308240500639	
871	882	0.959842782343513	806	0.9659836924931121	893	0.9719051868110979	
872	806	0.9187884738870725	821	0.9553775464087079	838	0.965355320820844	
873	893	1.0511776889509565	815	1.0529382721180436	880	1.0580371163685651	
874	721	0.9793352222999495	562	0.9912774475696655	883	0.9947005486132915	
875	859	0.9506715835551391	664	0.9526382030791335	803	0.9559586265959475	
876	664	0.9454098921397438	822	0.9707338899897829	868	0.9809385755545682	
877	829	0.9861530657511905	218	0.9916855006272	806	0.9934282129670744	
878	859	0.9501653297441993	846	0.9904888895237057	806	1.0159703997625336	
879	884	0.9801644870323479	882	0.991001146612331	894	0.9943036522794748	
880	820	0.9123991701569428	806	0.9249942894887703	959	0.9340072498525216	
881	806	0.9481592959793136	882	0.9609100040987991	824	0.9980616669070234	
882	806	0.8445503017676671	820	0.8749560775476237	833	0.8922336066842139	
883	882	0.9230847423942443	893	0.9257945136088085	904	0.931630765136219	
884	894	0.8879776289389567	801	0.923191899636999	858	0.9365470330482195	
885	810	0.9411074990163405	813	0.9761067364183379	34	0.977315023375026	
886	880	0.9741522012505511	959	1.0190396552003291	818	1.0213471817344755	
887	898	0.944659240496513	829	0.9530870851144263	882	0.9851525512012899	
888	806	0.9202868594720423	820	0.9213040367154822	855	0.9491767759148652	
889	806	0.903388420378681	855	0.9681609759731153	837	0.9766533254432989	
890	859	0.9905215127159214	882	1.0189080451649042	861	1.019417804361652	
891	845	0.9776157204221508	34	1.0471359332356542	868	1.05235978748179	
892	161	0.9890396085367971	609	0.9916490272194372	959	1.0064563574859997	
893	855	0.8872076419282521	800	0.915033811413817	883	0.9257945136088085	
894	884	0.8879776289389567	820	0.928815214804817	821	0.9409677961875901	
895	806	0.9774943490980028	620	0.9955929116450231	293	1.009276082097699	
896	806	0.9699204609263529	534	0.9858403209530915	864	0.9954756654964309	
897	34	0.9895197274605819	820	0.9991999075323447	850	1.0005515511618066	
898	194	0.934692091396676	887	0.944659240496513	855	0.9713722645319997	
899	880	1.0408332096710204	898	1.045402027370634	887	1.048686478106666	
900	620	0.9372708051347078	771	0.9437401639357824	325	0.9757885511114276	
901	294	0.990738143785365	911	1.0103616130906548	145	1.015524187177615	
902	908	0.9938204739647618	929	0.9961685291088331	962	1.0234643452414693	
903	22	0.8817212376571597	933	0.8963278087920435	915	0.898059776318394	
904	145	0.8999127998789587	996	0.9005959388581057	620	0.9013417947505356	
905	903	0.9706487142434422	907	0.9881692028789613	989	0.9945975765912441	
906	970	1.0600014928181332	988	1.0742090004731193	224	1.083668799080696	
907	309	0.9622761176652542	960	0.9746197279419395	909	0.981309321668211	
908	988	0.9020529587117868	934	0.9068875024881924	961	0.9530599130751096	
909	934	0.8953046371517911	959	0.9264650642404944	966	0.9551535295929635	
910	930	0.9508482686734114	988	0.9570471342216974	864	0.9592692022911855	
911	904	0.9325180438784799	996	0.9476998276559222	931	0.9586068064802077	
912	941	1.0018658222832315	529	1.0104853321243399	988	1.0220160125489686	
913	920	0.9476065853186769	301	0.9632060587925012	908	0.9658208680968414	
914	904	0.9041721659837166	664	0.9373727402231521	12	0.9493507968750469	
915	903	0.898059776318394	922	0.9295596600757917	984	0.9566296458629229	
916	922	0.9929751753362267	914	0.994067262737684	911	1.0021009021056424	
917	908	1.0314192011024448	145	1.0540046892059363	883	1.0579133300656536	
918	883	0.9636091738582815	959	0.9676618207514188	904	0.9711605109791082	
919	927	0.9238762884926088	988	0.9652727220399219	932	0.9685352641619709	
920	999	0.9289838461350016	913	0.9476065853186769	956	0.9515120511160866	
921	932	0.9521872415740238	996	0.9858353899694053	349	1.0227958693825288	
922	915	0.9295596600757917	216	0.9553484875299936	970	0.9786718117179157	
923	959	0.9595841273199557	930	1.0270446621719949	938	1.038678092287504	
924	904	0.9552168235166346	996	0.970691188536652	933	0.9843353104852228	
925	904	0.9672877489975729	990	0.9924069869361609	976	0.9981110586895647	
926	964	0.9723078953297586	325	0.9771775148890232	904	0.9955999671313002	
927	938	0.9033355163493865	919	0.9238762884926088	934	0.9509414365661931	
928	904	0.9747895771831163	562	0.989225285961375	600	0.9933037194000061	
929	989	0.948955175844672	988	0.9504316133223654	953	0.9617533850654132	
930	966	0.9491442869565017	910	0.9508482686734114	934	0.9512061382915554	
931	964	0.907843700462647	904	0.9463460049351852	911	0.9586068064802077	
932	996	0.9111441269775107	987	0.9327152978104073	921	0.9521872415740238	
933	903	0.8963278087920435	989	0.9183582661835586	934	0.9367552634425935	
934	909	0.8953046371517911	959	0.9012763372017967	908	0.9068875024881924	
935	807	0.9356375613959169	145	0.9410784143035914	958	0.942958073286427	
936	934	0.9687224996596524	986	0.9781150561988683	908	0.9786904813592732	
937	920	1.000920387167769	903	1.0017183905467961	989	1.0044537726525145	
938	927	0.9033355163493865	946	0.9358568224982368	959	0.9567462711755202	
939	966	0.9215178543905737	911	0.9759352419369081	948	0.9879987496952979	
940	967	0.8705871286577801	882	0.9339991878263415	976	0.9480260538929425	
941	966	0.9246340929651456	931	0.9622752462793083	988	0.9671835959238134	
942	989	0.9800791706630062	930	0.9941011922779276	962	1.000383712756247	
943	562	0.9985030314888652	413	1.0271724319763844	936	1.0529656418616522	
944	924	1.0182088922079315	932	1.0365738164156377	979	1.0417991819389703	
945	941	1.0201123873367703	981	1.0472461826963986	935	1.0480225064254736	
946	967	0.9152351873453709	996	0.9355927898257547	938	0.9358568224982368	
947	979	0.9255163921691123	967	0.966740234593751	990	0.9749659989607233	
948	930	0.9841502118786347	939	0.9879987496952979	932	0.9965869750127254	
949	529	1.0045117022901389	990	1.033440855154434	932	1.0344488279052826	
950	904	0.9511715603004863	958	0.9634589946726236	924	0.9955720215621141	
951	988	1.0281824719011838	145	1.0499254222943282	43	1.054568441180317	
952	967	0.9929577223894313	918	1.0450722277650415	903	1.0564874788496574	
953	929	0.9617533850654132	989	0.9842376883174659	976	1.004809758702051	
954	988	0.9488291990942421	325	0.9772317467973116	911	0.9805175282377615	
955	736	1.0767579427292906	999	1.0942713135440387	957	1.0977879998915394	
956	920	0.9515120511160866	915	0.9979423303941367	974	1.011930161215702	
957	996	0.9397401982162433	224	0.9415420613639254	755	0.9489711695347841	
958	399	0.929748572748684	903	0.9343354743934563	967	0.9397415737709349	
959	934	0.9012763372017967	909	0.9264650642404944	293	0.9271543797271713	
960	903	0.9185868656156789	967	0.9386402537878519	935	0.943915271599866	
961	908	0.9530599130751096	934	0.9593881095969533	959	0.9647961335943189	
962	946	0.9595337255768244	996	0.9724198456639694	959	0.9760942323418969	
963	913	1.000721431555953	989	1.0039185162431572	920	1.0241263385310717	
964	931	0.907843700462647	904	0.9422575360362262	926	0.9723078953297586	
965	736	0.9731230408855479	904	0.9742749541653288	981	0.983729549645226	
966	939	0.9215178543905737	941	0.9246340929651456	457	0.9414770603908967	
967	940	0.8705871286577801	990	0.8957125642876531	946	0.9152351873453709	
968	993	0.9814701823661517	976	0.9842745929926295	940	0.9921112580104234	
969	920	0.9729576018719616	958	0.9792708677045909	935	0.9886418514088585	
970	922	0.9786718117179157	981	1.0031793650937384	979	1.0363638890456348	
971	989	0.9420159850206258	988	1.0014046236938696	903	1.0036229599665127	
972	929	1.0073846403841817	953	1.0247150205479185	979	1.0298320828498393	
973	585	0.9653884290002066	588	0.9684577771324124	567	0.9969920051275878	
974	481	0.9289315517738581	562	0.9385958527113649	556	0.9575729078622599	
975	915	0.9672070053596171	974	0.967958981581325	413	1.0147289729756226	
976	940	0.9480260538929425	903	0.9507196839784859	960	0.9604342173116902	
977	990	0.9704891386420778	981	0.9731805937162941	961	1.010328062375501	
978	883	0.9542426908526128	929	0.9716947952704447	940	0.9717237883227179	
979	947	0.9255163921691123	605	0.973121634097234	932	0.9876845365133979	
980	903	1.001423261424027	940	1.00321344527548	996	1.0280883198419162	
981	932	0.9614039531621072	977	0.9731805937162941	990	0.9750155281970221	
982	930	1.0038717672926303	910	1.0186009310655868	990	1.024731572708825	
983	990	0.9919865795672433	903	1.0094724243381508	997	1.0157566886010005	
984	988	0.8621121263856085	915	0.9566296458629229	145	0.9722130895430255	
985	911	0.9875134162760925	988	1.0026882645403759	941	1.0066172078120448	
986	144	0.9568394591612972	989	0.9672181697043138	936	0.9781150561988683	
987	932	0.9327152978104073	967	0.9553310968504021	883	0.9557569493469384	
988	984	0.8621121263856085	908	0.9020529587117868	959	0.9474201223465647	
989	933	0.9183582661835586	967	0.9255717220934285	903	0.9288986663737174	
990	967	0.8957125642876531	930	0.9520135085313628	989	0.9555541671947223	
991	903	0.9778017186410252	988	0.985079024496768	325	1.014328073147278	
992	946	1.0201813712765782	323	1.038016000838469	989	1.051852945298993	
993	938	0.964739440739554	904	0.9678441897110789	968	0.9814701823661517	
994	961	1.0726418280052006	946	1.0777706450114775	903	1.0857865135518172	
995	920	0.9964290249940019	939	1.020283336264358	907	1.0254844880430665	
996	904	0.9005959388581057	932	0.9111441269775107	946	0.9355927898257547	
997	938	0.9664608998981591	915	0.9750853829930364	988	0.9982544355371384	
998	976	0.9740350858419864	974	0.9806878575196963	909	0.998360155914238	
999	236	0.917301052114459	920	0.9289838461350016	904	0.9447763330566693	
