1000
0	93	0.8041443597311123	36	0.838899640069963	89	0.8534315476772067	
1	22	0.8109653149480258	36	0.8482033799131722	50	0.8567838553633138	
2	85	0.8042810318679974	76	0.8117548049223123	96	0.8155621719107646	
3	69	0.8405659532481911	21	0.8499970661724123	8	0.8515857092929584	
4	22	0.7874444798827792	82	0.8154864552122952	76	0.8266311364039725	
5	87	0.7996363266042918	27	0.8276961938408646	36	0.8404541149403522	
6	93	0.8385704788569568	29	0.8784954861352073	7	0.8876108778839089	
7	70	0.7477626178629683	85	0.77567077247438	93	0.7916988506850716	
8	25	0.8109477003626396	44	0.8300689603057155	22	0.8389063629204865	
9	81	0.8255735472148092	72	0.8397023296804179	25	0.8603720690484832	
10	91	0.8217382164033249	34	0.8309507377541818	42	0.8362708474372499	
11	99	0.802973092853515	36	0.8672240091730252	42	0.8699181166107947	
12	77	0.7760337316506108	94	0.7774918447482717	28	0.783371213267357	
13	93	0.761027169438243	94	0.7952760733485108	82	0.8013411751498243	
14	34	0.8580601307706583	13	0.8636014830595272	32	0.87824212345625	
15	27	0.8179765366758465	93	0.8228108976569	57	0.8369081343873802	
16	93	0.7832239520233233	43	0.8107727292726553	771	0.8161529158823742	
17	70	0.7920906096550578	2	0.8319483223118875	71	0.8405563499084746	
18	77	0.7582972384321819	22	0.7906232960578728	68	0.791728068753844	
19	52	0.7640153531796376	34	0.8398357392856625	3	0.8561238411502109	
20	47	0.9051050034994159	81	0.9063013851324695	95	0.9143654637225304	
21	61	0.7576701491307778	85	0.7798888987664153	69	0.7809987546908109	
22	96	0.7540609891541191	34	0.7685707952857678	76	0.7690598311628769	
23	25	0.8382968289996321	51	0.8464107784975285	10	0.8559026560587144	
24	71	0.7999275172106265	36	0.8032482745188526	76	0.8720736025936662	
25	8	0.8109477003626396	761	0.814925049276142	34	0.8234417280231355	
26	55	0.7535231507551293	12	0.8517852297589663	94	0.8528020846972565	
27	71	0.7846914297637924	22	0.8013805453640839	15	0.8179765366758465	
28	69	0.7816006870989912	12	0.783371213267357	22	0.7891298181544834	
29	94	0.8254257989339211	12	0.8440619723181347	82	0.8600375138534709	
30	82	0.7773722976565285	21	0.8080217395520113	44	0.8185883201669589	
31	63	0.8577652246759883	18	0.8623881851358728	22	0.8777260795847638	
32	89	0.7913433144551055	82	0.8220633049939169	36	0.8561362423134753	
33	63	0.8454545770854422	96	0.8579251656073288	99	0.8648291815096036	
34	42	0.6915277454752382	96	0.7009103253074355	22	0.7685707952857678	
35	99	0.8578955397719584	93	0.8750903351729512	77	0.8768432407625935	
36	50	0.7673262696179501	22	0.7701436587483174	82	0.8013425246205816	
37	65	0.8280845766712451	63	0.8500535885773511	28	0.8702387223310136	
38	64	0.7757705101828571	22	0.805263219216953	93	0.8117439785316113	
39	57	0.8352005147860799	63	0.8449319172593847	22	0.8553322989054953	
40	99	0.848927896988215	2	0.8586863530308971	34	0.8629726285468122	
41	70	0.8284631382373122	28	0.8514767162169156	22	0.8557947079672011	
42	34	0.6915277454752382	93	0.7273785415856325	22	0.7966365946835121	
43	34	0.8024105651558202	98	0.8028070305619055	16	0.8107727292726553	
44	30	0.8185883201669589	8	0.8300689603057155	71	0.8437083214531541	
45	17	0.8458205332025979	47	0.8549127461104081	21	0.8627553245616382	
46	57	0.8495636231190807	12	0.8609755008905076	76	0.8692841600291698	
47	93	0.8099277489685061	96	0.816885899467386	95	0.8264851583190879	
48	71	0.8056988144068473	78	0.8580583062629495	34	0.8638547547954152	
49	93	0.8776342406780578	47	0.885670672295153	1	0.8863287373614804	
50	82	0.7649971429633723	36	0.7673262696179501	57	0.7810954424968345	
51	23	0.8464107784975285	16	0.8683213757525544	13	0.8793428551442821	
52	19	0.7640153531796376	93	0.8036512071849866	18	0.8139690743400378	
53	99	0.8479982625816943	58	0.8500649152392858	21	0.8651103134381631	
54	93	0.8379375430736508	68	0.8761051837758534	43	0.8786496337479238	
55	26	0.7535231507551293	97	0.8467717596480435	68	0.8572968574004143	
56	22	0.8148969920395611	34	0.85005068847849	42	0.8579655893895238	
57	50	0.7810954424968345	7	0.811183694393064	93	0.8118593460974243	
58	68	0.8209003266625149	82	0.8459711774972657	34	0.8471540022406274	
59	28	0.8185607272103522	64	0.8296030816683818	93	0.8351875992005973	
60	38	0.8466588559781411	58	0.8760163651533438	76	0.8861292937214917	
61	21	0.7576701491307778	99	0.8298441957058125	95	0.8384541376428334	
62	57	0.8609980279061566	13	0.8634205925827572	1	0.8866783724678402	
63	22	0.8165310594275074	28	0.8229933432582841	42	0.8235763212008275	
64	38	0.7757705101828571	59	0.8296030816683818	82	0.8445407874010131	
65	37	0.8280845766712451	16	0.8610385062218339	63	0.8729343214076678	
66	94	0.8916535467984956	96	0.9049360051415366	24	0.905063350496609	
67	82	0.8821283446158501	13	0.8918945705820432	99	0.8983211141984181	
68	18	0.791728068753844	93	0.8037972015486371	58	0.8209003266625149	
69	74	0.7671754171482341	21	0.7809987546908109	28	0.7816006870989912	
70	7	0.7477626178629683	71	0.7738500499467781	22	0.7885631145554703	
71	70	0.7738500499467781	22	0.7799848170496427	27	0.7846914297637924	
72	76	0.8230037495852223	9	0.8397023296804179	93	0.8444301979560175	
73	71	0.8917575869749688	70	0.8969856891620176	47	0.9242144031299144	
74	69	0.7671754171482341	12	0.7881822337281721	22	0.821597132912771	
75	36	0.8227050280363046	22	0.8320589064704107	28	0.8701624154722277	
76	22	0.7690598311628769	93	0.7951356468634849	2	0.8117548049223123	
77	18	0.7582972384321819	12	0.7760337316506108	68	0.8304544828233713	
78	70	0.8053604729481583	22	0.8287119944665395	21	0.8392755245397598	
79	93	0.8380692356890032	94	0.8456188899130566	29	0.8618985675545593	
80	69	0.8784013996394568	38	0.8883075891683977	62	0.9035907136861424	
81	9	0.8255735472148092	96	0.8416759674034553	99	0.8488594141774024	
82	50	0.7649971429633723	30	0.7773722976565285	93	0.7792225584342979	
83	22	0.7823935031137869	34	0.801091376288604	94	0.8175869312997786	
84	18	0.8390183974041009	69	0.8513161546621485	68	0.854748216283372	
85	7	0.77567077247438	21	0.7798888987664153	93	0.7956050476554547	
86	76	0.8218838751783136	12	0.8349566887350203	18	0.8393113020126562	
87	5	0.7996363266042918	12	0.8445253369990001	96	0.8447598500051178	
88	21	0.870588587606337	58	0.8761008831449265	43	0.8779588393431402	
89	32	0.7913433144551055	96	0.8130253127614722	0	0.8534315476772067	
90	78	0.8395539646345959	21	0.8453172384742722	7	0.8485421697794759	
91	10	0.8217382164033249	99	0.8448474503553041	38	0.8454504427095543	
92	21	0.8259168095841891	13	0.8606461034049963	71	0.8628423648518714	
93	42	0.7273785415856325	13	0.761027169438243	82	0.7792225584342979	
94	12	0.7774918447482717	13	0.7952760733485108	38	0.8156721709595861	
95	93	0.8079070285698728	82	0.8212162548102846	47	0.8264851583190879	
96	34	0.7009103253074355	22	0.7540609891541191	99	0.8120819280662906	
97	55	0.8467717596480435	93	0.8857948225291624	81	0.8871212383922885	
98	43	0.8028070305619055	34	0.8332940695363175	18	0.8604957470429746	
99	22	0.7777572752233078	69	0.8011359422313395	11	0.802973092853515	
100	190	0.7771925701452934	143	0.8472607294411699	144	0.8527334628526845	
101	176	0.8768326909450037	125	0.8910372331349649	192	0.896323260667529	
102	196	0.8381862594012576	145	0.8610993318964936	175	0.8836506091668737	
103	145	0.8115528417011015	186	0.8298521066996835	161	0.8305578726131874	
104	143	0.7684121684492715	118	0.8197214969004999	141	0.8205025533606117	
105	143	0.8160225918731828	189	0.8530002904764656	147	0.8540751298631948	
106	190	0.8233064082807611	147	0.8493072055267987	132	0.8638556236330827	
107	190	0.8666289686367269	118	0.8882006628928836	140	0.8916792928221438	
108	161	0.825598300085406	135	0.8434648645943088	129	0.8447781872871328	
109	176	0.8239096886440128	143	0.8378217830368168	144	0.8443939491299232	
110	145	0.7085084413355863	155	0.7442825060725037	113	0.7711130884038788	
111	147	0.83938327763764	130	0.8652053775348766	145	0.8683960662235396	
112	132	0.8090198608625755	182	0.8565600925832607	162	0.8605637272230073	
113	110	0.7711130884038788	145	0.7957533769924412	153	0.8078516439375376	
114	130	0.7736079908976407	161	0.7903797302969445	145	0.8033436937415747	
115	147	0.8908248278624323	159	0.9294773494927984	191	0.9310267627934419	
116	145	0.8308633136048423	147	0.8404174905058996	178	0.8448278752540522	
117	145	0.8044126097687025	177	0.8333386748050705	147	0.8459310803252778	
118	147	0.7740795920529916	143	0.7827435557602109	130	0.8003476860074917	
119	173	0.8515835760646028	145	0.8559365169101246	193	0.8792179117879171	
120	147	0.8374802240086611	144	0.8844007554866	195	0.8915317276284513	
121	145	0.8133255669233378	165	0.8353109809900969	153	0.8428654307966008	
122	723	0.8151624258687005	110	0.8194239738856768	771	0.8249410780272705	
123	135	0.8393903585304828	161	0.8469765558093403	118	0.8569360134181708	
124	162	0.8486348476671796	194	0.8504225227203952	145	0.8673912781628925	
125	140	0.8063427471917404	145	0.8107373049724904	196	0.8277790554664199	
126	155	0.8231643933529017	147	0.8259033796112892	132	0.8279291044826145	
127	143	0.8437918489431857	145	0.8502914003806736	141	0.8705709076412425	
128	144	0.8058343856783995	194	0.8058823144205117	147	0.8351168817596064	
129	145	0.7682702824051434	155	0.7841068337553041	135	0.8061524218933369	
130	114	0.7736079908976407	118	0.8003476860074917	135	0.8317367083301749	
131	145	0.8409330540728236	135	0.8519896900071852	110	0.8666037965968726	
132	112	0.8090198608625755	142	0.8203083821836489	126	0.8279291044826145	
133	143	0.8087419725430437	186	0.8164328752268274	125	0.8459619777516386	
134	141	0.7989123008781583	135	0.815349083986813	145	0.8171596295620218	
135	159	0.7827877666454706	145	0.7887378030611466	194	0.8003337223916677	
136	141	0.8267307843725434	110	0.8272186034870621	164	0.8315923412777693	
137	176	0.8356879230649552	190	0.8568058609575488	108	0.8719155598710155	
138	159	0.7834553695644328	135	0.8164078808671296	145	0.83820965950233	
139	190	0.8076657580822527	104	0.8464037851009214	136	0.857821799967361	
140	125	0.8063427471917404	185	0.8289746887014421	104	0.8291775223173585	
141	145	0.6920725234812748	134	0.7989123008781583	194	0.8035707709334966	
142	129	0.807235213926857	171	0.8186199714089838	132	0.8203083821836489	
143	104	0.7684121684492715	118	0.7827435557602109	165	0.79474904363191	
144	145	0.7745590677656086	195	0.787271355318959	194	0.7918963465504816	
145	141	0.6920725234812748	110	0.7085084413355863	165	0.72919858995159	
146	172	0.8494006632154001	767	0.8523492600070547	135	0.856830425039361	
147	162	0.7388439166876105	159	0.7548671676528004	190	0.7649209334212687	
148	129	0.8689388355129165	149	0.884209273655362	138	0.8967137742198222	
149	175	0.7561346234828662	172	0.8047431463108728	190	0.8357586440592112	
150	155	0.8545467481869666	110	0.868523340398802	147	0.8800179885732592	
151	121	0.8675259940106199	165	0.8910121839183534	145	0.9014219354093191	
152	161	0.8136977412554617	195	0.8148688394780074	144	0.8437858674981459	
153	155	0.7896960118244618	170	0.7959757337595322	161	0.8002043990794833	
154	113	0.8088803954644871	172	0.8712902480120407	141	0.8730964526014915	
155	110	0.7442825060725037	145	0.7501472670197775	129	0.7841068337553041	
156	184	0.8274244428433669	155	0.8463442658898186	134	0.8581297019517838	
157	145	0.7340631271718475	134	0.8214999340964948	185	0.8454364589643849	
158	132	0.8488214603707519	161	0.8498508123985411	147	0.855269535841735	
159	147	0.7548671676528004	135	0.7827877666454706	138	0.7834553695644328	
160	141	0.8299473322908184	161	0.8615371518983873	176	0.8756114740379363	
161	172	0.7438877428787702	114	0.7903797302969445	159	0.7936519018687821	
162	147	0.7388439166876105	194	0.7996905429666825	190	0.8025727869004388	
163	114	0.8151292539362119	172	0.8319084013136109	176	0.8376724769897077	
164	147	0.8212181248439544	136	0.8315923412777693	118	0.8445712029109873	
165	145	0.72919858995159	143	0.79474904363191	161	0.820139792624044	
166	186	0.8061095265609834	147	0.8086002869395316	149	0.8385713404550271	
167	147	0.8737388130475573	159	0.9035990329725087	185	0.914936779107416	
168	144	0.8386745462993123	195	0.8752887602557471	145	0.8756643617466188	
169	194	0.8411874408505425	173	0.8775049559941552	128	0.8821025024575267	
170	153	0.7959757337595322	130	0.8363694777317675	176	0.8473611520288743	
171	142	0.8186199714089838	145	0.8505658118907592	183	0.8593362911410733	
172	161	0.7438877428787702	186	0.8024648317855129	149	0.8047431463108728	
173	191	0.7831544851661719	145	0.7978632580875517	147	0.8125304860016852	
174	195	0.8589322050800402	161	0.8611680931313279	159	0.8739045207684251	
175	149	0.7561346234828662	182	0.8254642303539644	147	0.8288094851564207	
176	143	0.7990334850285019	161	0.8076049389189662	129	0.820081494652815	
177	117	0.8333386748050705	141	0.8529890183776176	143	0.8672693157813264	
178	147	0.8090246335827931	116	0.8448278752540522	145	0.8489240256177341	
179	129	0.8419461422596236	135	0.8511890373901453	145	0.8620201267995626	
180	191	0.8561627245650697	117	0.8630488387722842	135	0.8714704763700083	
181	129	0.809057352235479	145	0.822927778298152	135	0.8263508982415637	
182	175	0.8254642303539644	145	0.8343278469259167	161	0.852879567174643	
183	145	0.8144739512413173	118	0.8285265438247995	176	0.8365312534100722	
184	156	0.8274244428433669	125	0.8326726275272338	145	0.8415059586927581	
185	140	0.8289746887014421	172	0.8410478636211378	135	0.843774767277877	
186	172	0.8024648317855129	166	0.8061095265609834	133	0.8164328752268274	
187	145	0.8093325438352128	155	0.837048040695031	147	0.85067381163105	
188	110	0.8048452749262176	141	0.8068414966944067	135	0.8102920963865187	
189	141	0.8158811392234644	145	0.8398120068336229	194	0.8436565496348017	
190	147	0.7649209334212687	100	0.7771925701452934	162	0.8025727869004388	
191	145	0.7388442701108214	173	0.7831544851661719	196	0.8005012452248407	
192	142	0.8449304658242834	125	0.8451514937396356	175	0.853100075116295	
193	119	0.8792179117879171	172	0.8859054454125906	136	0.8878042861907611	
194	144	0.7918963465504816	162	0.7996905429666825	197	0.7998053070505918	
195	144	0.787271355318959	882	0.7874768048114584	145	0.7934240975665476	
196	145	0.7530044087616024	191	0.8005012452248407	125	0.8277790554664199	
197	194	0.7998053070505918	143	0.8301083472735971	195	0.8352488631816188	
198	145	0.8037950465023749	172	0.8352488403553682	141	0.8353143305886169	
199	196	0.8756182388754014	195	0.8771217183884501	104	0.8796591289361335	
200	293	0.9004653782632992	218	0.9042937205004251	278	0.9271731818072867	
201	290	0.8395160127869638	261	0.8606314212896021	278	0.8651731867473803	
202	292	0.8473762270856661	238	0.8748731630284056	293	0.8756743377842066	
203	276	0.9273505079647436	229	0.9406334554954128	224	0.955216260692009	
204	236	0.8803742341295732	283	0.881985772013599	256	0.9528884373628601	
205	263	0.8559988589200082	283	0.8585070840223792	299	0.8822242233996231	
206	216	0.7715380269422832	270	0.8085517149624308	261	0.8354358100718292	
207	278	0.8900438056323132	208	0.8930415566027092	224	0.9101094940380262	
208	263	0.8281544251319486	278	0.8459041442516791	218	0.8546376184869715	
209	206	0.8451716732323827	273	0.8858351877019078	284	0.8917757665614278	
210	635	0.9204169477762352	266	0.9429398066339578	293	0.9435163379908639	
211	232	0.9168382552972122	286	0.9194500426305412	767	0.9201753635634332	
212	261	0.8348456128740218	293	0.893168862273287	249	0.8945607580682386	
213	580	0.8482861164725131	791	0.8633409635348078	875	0.8636924015813222	
214	293	0.8803333852623882	206	0.8809786181000411	292	0.8875771429767368	
215	206	0.8754020649591376	229	0.8903101394164995	287	0.9228231303906221	
216	206	0.7715380269422832	261	0.8703474731249696	229	0.8865042866039529	
217	218	0.8802602976518904	229	0.884289428078707	278	0.9384856307751696	
218	249	0.8196679951103271	263	0.8279191913324051	270	0.8288521544155859	
219	278	0.8654378723631555	286	0.9007137505953722	249	0.9637570934423964	
220	289	0.9101237839678994	276	0.913372847331818	246	0.9187102833861408	
221	278	0.8775857450078896	218	0.9106754875009379	229	0.940441753500461	
222	293	0.8930227279810279	201	0.9232116974402412	275	0.9343825377207274	
223	242	0.8723064334189554	261	0.8799781467407918	206	0.8932435666646914	
224	236	0.8408740740617657	278	0.8429328659389619	877	0.8595000375845023	
225	263	0.8246668294103663	213	0.8639816691364156	208	0.8830267174540445	
226	290	0.8951850221008025	254	0.9294515103302013	283	0.9315607694365047	
227	236	0.9078861856659313	206	1.000032780373872	239	1.0023934959963658	
228	261	0.8690625913976712	293	0.9411255328723265	819	0.9433185684677685	
229	261	0.8091580590587	232	0.8131793329946274	278	0.8168886948018332	
230	299	0.8525536937552696	294	0.876470120924237	286	0.8911889873003347	
231	278	0.8621917116902235	208	0.9115889402088287	249	0.9119572376095679	
232	229	0.8131793329946274	293	0.8319089346983795	261	0.8401160297462126	
233	263	0.8667142170354761	293	0.8671495610777485	271	0.9102663352763102	
234	229	0.9470787397741766	290	0.9482530695625536	261	0.9581488677872204	
235	278	0.8428434202951524	261	0.8622382460432388	213	0.8728296136951935	
236	261	0.8361258354295339	288	0.8366401402524988	224	0.8408740740617657	
237	293	0.8784331712760681	290	0.8799604678059538	283	0.8853037654319763	
238	201	0.8672835434671131	202	0.8748731630284056	218	0.899174059571912	
239	293	0.7922666967211641	289	0.7954020186105563	261	0.8339142563543412	
240	206	0.8562072757115848	249	0.8625801259445959	208	0.8848095926431925	
241	252	0.8488388675806396	278	0.8538481040479894	293	0.8634549991392592	
242	293	0.8554656685226737	223	0.8723064334189554	276	0.8794470503214682	
243	292	0.8401039445662458	256	0.8710119096957655	276	0.8810248403752273	
244	580	0.8525153117287217	288	0.8559283546590538	278	0.8732856107926301	
245	292	0.8388991343655952	278	0.8512246087763438	274	0.8727018894730209	
246	232	0.8950601670391801	290	0.900048714757901	220	0.9187102833861408	
247	290	0.8713357853461647	261	0.8736055969843958	256	0.8971233026469665	
248	209	0.917525289241506	218	0.918313456397022	290	0.9228551888667434	
249	218	0.8196679951103271	206	0.8505078151154299	240	0.8625801259445959	
250	281	0.8404256742587073	299	0.8603665721915098	262	0.8663176943534412	
251	201	0.8927604299517752	229	0.919766108568464	266	0.9267038706244081	
252	144	0.8395061348013318	241	0.8488388675806396	290	0.8710682851317133	
253	293	0.8399191924247552	263	0.8590899535216717	580	0.884185701734786	
254	261	0.8575542282996601	293	0.8703816996678748	266	0.8803398651318237	
255	232	0.8933941605526372	205	0.9000823687960468	263	0.9097394363407161	
256	243	0.8710119096957655	247	0.8971233026469665	249	0.9034864105174649	
257	263	0.8840058435397846	272	0.884226469805735	202	0.9201379954682586	
258	806	0.8710771263001387	224	0.8722361393446486	278	0.8955930196075028	
259	245	0.9246750849146621	292	0.9369375673918757	295	0.9470002951598775	
260	293	0.8000725418478049	261	0.9013063579889564	761	0.9065017820700566	
261	293	0.766499597496557	264	0.7957801718675825	289	0.8015488978173798	
262	250	0.8663176943534412	237	0.9015240377870418	266	0.90299180239955	
263	293	0.8239750251244614	225	0.8246668294103663	218	0.8279191913324051	
264	261	0.7957801718675825	294	0.8851881699408636	287	0.8892149334273746	
265	294	0.8841963221598452	218	0.9115889005144754	231	0.9194788664819893	
266	293	0.8630497821030167	254	0.8803398651318237	241	0.8871514264027717	
267	218	0.8505647290499274	278	0.8743111949534232	273	0.9165124073045245	
268	241	0.9500416082835215	38	0.9538848466864133	758	0.9664304407013367	
269	278	0.8625793457409644	229	0.8896493371352053	293	0.9142172188012193	
270	206	0.8085517149624308	292	0.8142918627055509	218	0.8288521544155859	
271	218	0.8826997515075286	290	0.900336565185028	233	0.9102663352763102	
272	257	0.884226469805735	208	0.9050841957198251	290	0.9217639557862818	
273	278	0.8451214924668046	279	0.8726001032704844	202	0.8847754091890742	
274	245	0.8727018894730209	290	0.898638628631588	232	0.9026705810209902	
275	261	0.8228773930324291	278	0.835247217744066	218	0.8501245989764357	
276	232	0.8676332970855204	286	0.8775581454830983	242	0.8794470503214682	
277	284	0.8461660929683182	249	0.881936193447972	273	0.8939659650629274	
278	261	0.8033435920533898	229	0.8168886948018332	293	0.8237851303973837	
279	229	0.8176846560661694	746	0.849793627136965	288	0.856205895274946	
280	806	0.894455550374408	261	0.9028508009632176	239	0.9086422518120963	
281	250	0.8404256742587073	229	0.8812263605915002	295	0.8980523383386367	
282	261	0.872544036757744	285	0.9158063747229334	293	0.9340405644674734	
283	290	0.8423119645534267	299	0.8454888973891517	205	0.8585070840223792	
284	277	0.8461660929683182	288	0.8628863522235783	209	0.8917757665614278	
285	293	0.8253820712875589	229	0.8654091824952802	278	0.8665907319157867	
286	292	0.8372760685825028	278	0.859304871715187	276	0.8775581454830983	
287	229	0.8197993201656604	261	0.8514742974460446	278	0.8599058692501614	
288	229	0.8245719907313399	236	0.8366401402524988	244	0.8559283546590538	
289	239	0.7954020186105563	261	0.8015488978173798	293	0.8444131512150764	
290	261	0.8159166807942347	278	0.8289620807222517	201	0.8395160127869638	
291	263	0.8359258225246274	218	0.9063332189793181	225	0.9160690525826032	
292	270	0.8142918627055509	295	0.8237430489130134	286	0.8372760685825028	
293	261	0.766499597496557	239	0.7922666967211641	260	0.8000725418478049	
294	290	0.855187829326619	761	0.8763600515968573	230	0.876470120924237	
295	292	0.8237430489130134	218	0.8477090338200454	208	0.8763781413667755	
296	218	0.8654548732037247	206	0.8970017055689701	270	0.906838668921324	
297	290	0.9031954032234588	194	0.9196230113915516	202	0.9230081298566489	
298	261	0.8995064556413325	279	0.9040689754750231	293	0.9053447608233698	
299	283	0.8454888973891517	230	0.8525536937552696	250	0.8603665721915098	
300	393	0.8367877119003908	315	0.8656472162966266	309	0.8712512296370016	
301	304	0.8433949199434988	387	0.8542361470672085	399	0.8695305106993324	
302	399	0.8348426426242351	354	0.9045073254397552	374	0.9086015996457575	
303	311	0.8415782143470341	374	0.8777792088423038	372	0.8825513026799997	
304	301	0.8433949199434988	346	0.875848597684803	387	0.9151774007450245	
305	398	0.9209362860670991	311	0.9339929534072294	368	0.9575733116986923	
306	346	0.8100938552733117	382	0.8511944158684096	330	0.8577475341719178	
307	399	0.874411552484768	396	0.8882491275124753	346	0.9120287120157792	
308	399	0.7945621922792775	367	0.7995737078613818	340	0.8650075506111002	
309	399	0.8502673586942747	806	0.855281103699898	396	0.8573047950547865	
310	337	0.8344905796963794	315	0.847731932424286	355	0.8747555017638554	
311	315	0.7879020835807249	325	0.7933640757062385	337	0.8269887529255515	
312	367	0.8714161484702603	311	0.9271289181758035	309	0.9360344416552951	
313	388	0.856345010401454	16	0.8780430765554046	387	0.8857817656978568	
314	387	0.9098034929393174	335	0.9123138386925967	366	0.9128074889713194	
315	311	0.7879020835807249	310	0.847731932424286	383	0.8502201116309309	
316	364	0.8154142737094917	346	0.8270360031929063	341	0.849390129933547	
317	394	0.8429066645892094	363	0.8717589787462726	388	0.8871494315844787	
318	311	0.8386454912034736	355	0.8464182131558573	363	0.8479930298133985	
319	387	0.7769940001163542	311	0.8495864762154599	329	0.8598757488133291	
320	357	0.8682128950193704	366	0.8758606765216044	321	0.8790239177794604	
321	372	0.8315729709512921	399	0.8587927425243744	320	0.8790239177794604	
322	344	0.8345417190851562	389	0.8840102489483908	387	0.8854769092114012	
323	325	0.8383059379561882	342	0.9371917228843906	372	0.9390428380644344	
324	322	0.9925236629736736	350	0.9973653823017431	371	0.9995660846902579	
325	311	0.7933640757062385	323	0.8383059379561882	374	0.8456496756138017	
326	318	0.8495984070906794	362	0.8864467660918169	354	0.9076498943413243	
327	357	0.9240684360139122	325	0.9336036500938709	350	0.9400996973202124	
328	319	0.8885810905565317	393	0.8908443795936455	355	0.9193559916083386	
329	360	0.8451150051518519	319	0.8598757488133291	387	0.8768477500989278	
330	306	0.8577475341719178	311	0.8962348874341212	386	0.9026006752386204	
331	147	0.8633478491699098	398	0.8737326278609099	161	0.8770524271196802	
332	386	0.8236510103134562	350	0.8288644405826977	387	0.8654822780743592	
333	360	0.8858409917832214	398	0.8879678043088098	393	0.9038851625055636	
334	393	0.8471133549300972	373	0.8811894915531298	384	0.8829327471555718	
335	339	0.8800194732668796	346	0.8847957995331921	399	0.8878003469893588	
336	346	0.8975145242945768	363	0.9138405775994819	315	0.9161453563574415	
337	311	0.8269887529255515	310	0.8344905796963794	377	0.8459482823656356	
338	399	0.8166319183911565	377	0.8220439546359694	380	0.8614298584753168	
339	335	0.8800194732668796	346	0.8920400997011793	306	0.9029476147655334	
340	308	0.8650075506111002	399	0.8770651585516618	350	0.8838711680738117	
341	316	0.849390129933547	398	0.8854446900705069	319	0.890997827599722	
342	398	0.8780773904110191	389	0.8796016638801826	325	0.8829956603624263	
343	755	0.9094322069028985	315	0.913346098293936	311	0.920623233667744	
344	322	0.8345417190851562	338	0.892598523078954	399	0.9028827323615215	
345	387	0.8791331104231873	319	0.901560769511144	309	0.9068445612135025	
346	306	0.8100938552733117	316	0.8270360031929063	377	0.8344177963691066	
347	319	0.8716219344962425	388	0.8934725523021707	363	0.912184897536239	
348	366	0.8752648038346852	363	0.8875120895712937	357	0.8979491301163348	
349	350	0.8834639549578365	896	0.8963096226044744	340	0.9102563811382404	
350	332	0.8288644405826977	387	0.8390286368412152	337	0.8777871580722606	
351	311	0.8786388963832815	375	0.8913593829091122	383	0.9346734961204473	
352	357	0.8030747732352841	355	0.8769303045357095	315	0.8810746650049661	
353	387	0.8953187270141264	332	0.8975817170526446	721	0.9130091466941684	
354	399	0.8102903500072299	398	0.8360802168298421	390	0.863735616900287	
355	388	0.8261953646421784	318	0.8464182131558573	311	0.8558278126085596	
356	318	0.9885137582306233	332	0.9893474960341725	342	0.9901722366206864	
357	368	0.7889743623294708	352	0.8030747732352841	384	0.8642567714771119	
358	352	0.8811458754902569	311	0.888336460732367	367	0.9014638392493299	
359	377	0.7990867635882324	387	0.9023483732863	311	0.9038559100731406	
360	329	0.8451150051518519	399	0.849435966500716	388	0.8801014089886501	
361	309	0.9094616870117662	354	0.9290112931343656	326	0.9737532376678554	
362	16	0.8766623263997539	346	0.8771909663641902	367	0.8837730069897952	
363	387	0.8067668769641668	318	0.8479930298133985	399	0.8515811646927304	
364	316	0.8154142737094917	363	0.8697493918304778	357	0.8923907120106527	
365	308	0.9031147553969793	388	0.9036463426538741	367	0.9079658443091977	
366	315	0.8555395647525216	348	0.8752648038346852	337	0.8753955222835762	
367	308	0.7995737078613818	389	0.835353109870389	399	0.8518634837590638	
368	357	0.7889743623294708	398	0.8666867462471861	315	0.8771355717809215	
369	387	0.9102981625178401	338	0.9256112556357484	154	0.946250871720602	
370	346	0.8917192103510404	315	0.8989902056986099	362	0.9094497898678633	
371	374	0.8049568507870619	315	0.8600688245809609	311	0.8680553855706381	
372	321	0.8315729709512921	387	0.8794661514491414	303	0.8825513026799997	
373	334	0.8811894915531298	300	0.9071566895926615	338	0.9098853886916196	
374	371	0.8049568507870619	325	0.8456496756138017	311	0.8472968227004326	
375	399	0.8733981308800595	351	0.8913593829091122	791	0.8936548200683644	
376	311	0.924839963782599	346	0.9251876303581187	315	0.9384117254371134	
377	359	0.7990867635882324	338	0.8220439546359694	346	0.8344177963691066	
378	318	0.8808582818444096	399	0.8836669638550582	308	0.8865594892218579	
379	357	0.9312804946436685	326	0.9326757272995231	311	0.9373954102201576	
380	338	0.8614298584753168	398	0.8890672928955191	354	0.8909219392311967	
381	350	0.9205026769278507	393	0.9342993251458586	387	0.9692868790503187	
382	306	0.8511944158684096	399	0.8540321964310437	355	0.8685738061824384	
383	311	0.8315882818091057	393	0.8414198081040328	315	0.8502201116309309	
384	357	0.8642567714771119	334	0.8829327471555718	354	0.882959827997623	
385	344	0.9252071045128988	315	0.938779005878491	322	0.9484927930149541	
386	332	0.8236510103134562	346	0.870848208579845	363	0.890548040468426	
387	319	0.7769940001163542	363	0.8067668769641668	350	0.8390286368412152	
388	355	0.8261953646421784	313	0.856345010401454	398	0.8709389667980194	
389	367	0.835353109870389	342	0.8796016638801826	311	0.8839959106100206	
390	354	0.863735616900287	338	0.8715963506132547	334	0.9075313626537185	
391	338	0.8705922112021159	350	0.9098932845893954	311	0.9293969840277269	
392	399	0.9107033297306268	363	0.9180765359796558	396	0.9294390039738002	
393	300	0.8367877119003908	383	0.8414198081040328	334	0.8471133549300972	
394	317	0.8429066645892094	399	0.8709407599942769	355	0.8786455741592322	
395	311	0.920479325994465	662	0.9206705509918212	357	0.9284988908648423	
396	309	0.8573047950547865	357	0.8731604715179037	311	0.8786372918469879	
397	325	0.8973971790749372	396	0.8980047673955466	388	0.9156317374985389	
398	354	0.8360802168298421	311	0.8494294113880245	318	0.8541873823453275	
399	308	0.7945621922792775	354	0.8102903500072299	338	0.8166319183911565	
400	480	0.7942956364200348	444	0.8418990122218176	410	0.8534428450248951	
401	485	0.8429463428127317	496	0.8562906805468112	473	0.8660385458269271	
402	496	0.8004881898595284	473	0.823155865392646	465	0.8262898872802825	
403	444	0.8503122903075235	416	0.8609840466716121	482	0.8961762410152894	
404	434	0.792136536912055	473	0.7963323740243875	451	0.8188395832953907	
405	427	0.764615058666789	434	0.810930502008426	444	0.8196964597038034	
406	448	0.773509987160768	450	0.8332170732144112	463	0.8348179112597547	
407	473	0.7771724701419025	470	0.8057908034362359	443	0.8108457115724266	
408	425	0.850923963980955	451	0.8581909506901946	490	0.8642900150590727	
409	492	0.7865233508355873	444	0.7914218405207837	453	0.8092198484181792	
410	467	0.7784054336381432	496	0.8018900898596771	452	0.8023101445745767	
411	444	0.8393594831288081	453	0.8869478181593848	471	0.8887942404935372	
412	417	0.7910081656794348	498	0.8056034823301745	481	0.8135055061781654	
413	434	0.7864436947966179	481	0.7976604684390797	453	0.8231833853280577	
414	431	0.8133210482981403	800	0.8388811142340226	417	0.8395698923859313	
415	444	0.8587759692655119	448	0.8735794555985833	474	0.8979390103423399	
416	441	0.8360447523458375	761	0.839190475788051	444	0.8507332533538065	
417	412	0.7910081656794348	480	0.7935009152414019	453	0.803175433223303	
418	427	0.8182326323548188	436	0.8693418523196965	466	0.8773983417295441	
419	482	0.8856789638524936	431	0.8869334038680022	480	0.9005264493575924	
420	451	0.8059400603510789	473	0.8112176901132059	472	0.8441022071269673	
421	455	0.7333618972272042	467	0.8177383995244608	466	0.8209715592958894	
422	417	0.8472930747052047	450	0.8483600207755062	451	0.8641246172893219	
423	467	0.8131231596460491	441	0.8214564465445119	434	0.8220976089377745	
424	444	0.8258278386095537	410	0.8320049438397603	458	0.8527527331330216	
425	434	0.7446045641954138	496	0.7753828511605763	410	0.814074560207509	
426	438	0.8745364484652476	451	0.8760809586325171	463	0.8795560514568955	
427	405	0.764615058666789	466	0.7736643337723997	418	0.8182326323548188	
428	448	0.8370172789611408	473	0.8457448024485887	431	0.856896575803508	
429	404	0.8414493721692751	444	0.8755922208484309	490	0.8916854060386927	
430	468	0.8531838691138336	490	0.8546744149021747	451	0.8586714954165786	
431	457	0.7756025582374283	452	0.792831425184344	498	0.7941862502112645	
432	470	0.8277869594307881	431	0.8279175437416998	434	0.8512426585938451	
433	444	0.8440970531321624	452	0.8468483923774021	883	0.8472320842145383	
434	425	0.7446045641954138	457	0.7726528752126486	413	0.7864436947966179	
435	444	0.8481888644084058	480	0.8551914974601417	447	0.8708762906470742	
436	497	0.808602820484766	444	0.8340027489250271	467	0.8369207854711069	
437	487	0.8305907832007208	454	0.8324530383345609	485	0.8328409160693289	
438	457	0.792349236776085	417	0.8461144862193459	431	0.8463154225032786	
439	493	0.8162372488513314	482	0.8247286535098526	455	0.8262600952866158	
440	467	0.8776427183179473	487	0.8919932702163776	434	0.897686841671679	
441	467	0.8082382723799861	451	0.8084362107016835	423	0.8214564465445119	
442	410	0.844121757755867	409	0.8525532021076897	427	0.8561583171550343	
443	473	0.7374703037437828	492	0.8098544752857494	407	0.8108457115724266	
444	457	0.7577124184841328	480	0.7906776660770173	409	0.7914218405207837	
445	451	0.7833649341983434	434	0.813613853015837	405	0.822848922371225	
446	468	0.8212582891596822	405	0.8245265146029506	409	0.8341580589995927	
447	480	0.818750588429185	498	0.823347789202821	427	0.8429389672120476	
448	406	0.773509987160768	487	0.7835494830503194	473	0.7902370069946144	
449	423	0.8229421445990523	496	0.838420778281731	490	0.8637267182096535	
450	491	0.7791738038807833	459	0.8237525468455759	467	0.8317364749903163	
451	445	0.7833649341983434	481	0.8016820339449977	467	0.8028927798029972	
452	431	0.792831425184344	410	0.8023101445745767	417	0.8085740866583356	
453	473	0.7471071089048033	494	0.786606099125966	487	0.7916506525203556	
454	481	0.8177810045758928	761	0.8266275451369	437	0.8324530383345609	
455	421	0.7333618972272042	490	0.7820316414321793	487	0.7923005086599667	
456	441	0.8382939815850283	448	0.8535183010846575	467	0.8540274506096559	
457	444	0.7577124184841328	434	0.7726528752126486	431	0.7756025582374283	
458	473	0.8359912686825098	451	0.8484907928783527	424	0.8527527331330216	
459	455	0.799977529844239	496	0.8097021527625442	462	0.8157877663812124	
460	492	0.8421538704936297	473	0.8434432737983188	480	0.8673697428705489	
461	454	0.8730002060425822	453	0.8750893212935473	482	0.877123333730971	
462	459	0.8157877663812124	450	0.8559086793170414	453	0.8627543294695544	
463	490	0.7953608165992101	493	0.8198073876556176	473	0.8203144656158571	
464	434	0.8502547186605693	457	0.8802598814063547	453	0.8828938442262189	
465	402	0.8262898872802825	477	0.8529277949542078	444	0.8616336411779723	
466	427	0.7736643337723997	421	0.8209715592958894	471	0.8319739558269057	
467	491	0.7589256371166803	410	0.7784054336381432	453	0.7963206609607314	
468	490	0.7816381132553356	455	0.8037428710711796	446	0.8212582891596822	
469	410	0.8516836841445077	480	0.857705365197947	494	0.8814450496985302	
470	482	0.7741766075847625	407	0.8057908034362359	473	0.8276302854805404	
471	477	0.8201627103199775	405	0.8203219621091697	466	0.8319739558269057	
472	443	0.8144476571715331	407	0.8155818780232694	498	0.816587217995489	
473	443	0.7374703037437828	490	0.7466583376808659	453	0.7471071089048033	
474	443	0.8411199662231778	467	0.8514591644948717	409	0.8568946574526098	
475	448	0.8105797234360727	404	0.8538503544153992	444	0.8656248093936323	
476	490	0.8308634226841146	457	0.8551375387623136	473	0.8588740560609881	
477	471	0.8201627103199775	444	0.8283911376579024	465	0.8529277949542078	
478	490	0.8263739505215173	480	0.8661189971294314	497	0.868068639417396	
479	457	0.8022354541405591	487	0.8054776228875586	451	0.8147281415395028	
480	444	0.7906776660770173	417	0.7935009152414019	400	0.7942956364200348	
481	413	0.7976604684390797	451	0.8016820339449977	412	0.8135055061781654	
482	470	0.7741766075847625	145	0.7901558029012126	431	0.822813825725541	
483	497	0.8536516459358898	431	0.8584031478655856	455	0.8696717502795797	
484	479	0.8644402098218017	414	0.8816409097050373	404	0.8981858068318087	
485	473	0.8237434868982401	468	0.8285338747850954	437	0.8328409160693289	
486	458	0.8723976009366153	491	0.8735258681210637	434	0.8782406595671715	
487	448	0.7835494830503194	453	0.7916506525203556	455	0.7923005086599667	
488	481	0.849565214315883	451	0.8504031936332408	493	0.8583834929514299	
489	453	0.8493151954624667	468	0.8612081207831995	434	0.8743857113257447	
490	473	0.7466583376808659	468	0.7816381132553356	455	0.7820316414321793	
491	467	0.7589256371166803	457	0.7760586422427456	450	0.7791738038807833	
492	409	0.7865233508355873	443	0.8098544752857494	431	0.8210455840968024	
493	439	0.8162372488513314	463	0.8198073876556176	407	0.8274112513599711	
494	453	0.786606099125966	473	0.8220181443179975	480	0.8264114479150491	
495	492	0.8815756925650042	485	0.8816025362903022	474	0.8852031115523449	
496	425	0.7753828511605763	434	0.8003867240983982	402	0.8004881898595284	
497	436	0.808602820484766	480	0.8418478795109252	444	0.8442101072977246	
498	431	0.7941862502112645	480	0.795474269377455	412	0.8056034823301745	
499	427	0.8257688186553298	404	0.8399269001828065	473	0.849568359043926	
500	552	0.841199885443608	580	0.8418283240655051	528	0.8595133808317855	
501	580	0.8381962835749479	505	0.8486247100538761	572	0.8530113537571169	
502	513	0.8755201545677728	562	0.8770438440362902	554	0.877366937091967	
503	562	0.834510527511095	558	0.8379384913860671	543	0.8426441411196468	
504	562	0.7855290339602351	524	0.7914949253234548	516	0.7971953895708512	
505	551	0.7447731017412391	544	0.7567580332381725	592	0.7591880991375572	
506	539	0.8399971937549195	543	0.8467106885128353	509	0.8544251060367076	
507	562	0.7499087056344756	567	0.8695186718274783	721	0.8750367636127317	
508	527	0.8232257834855388	505	0.8347315222320262	569	0.844171163037956	
509	556	0.7303217655648164	525	0.7764546038996644	562	0.8021635252487078	
510	576	0.8557042234237252	528	0.8611156766607854	519	0.8796421366517221	
511	599	0.9125453278934326	526	0.9219914150388914	525	0.922809090447111	
512	543	0.7440829919127564	540	0.7652108940018931	575	0.7704756784174261	
513	505	0.8163197968948647	546	0.8301038223422471	573	0.856117921162043	
514	544	0.8611009564352322	530	0.862018435007501	573	0.871404460634752	
515	519	0.8176927584394974	562	0.8347190868992411	576	0.854052149159371	
516	504	0.7971953895708512	572	0.8138040437390267	562	0.8154644187667924	
517	556	0.7969447708008555	562	0.810010861290226	580	0.8367940365689018	
518	536	0.7715367806841501	588	0.8112386454348766	531	0.813263802067446	
519	556	0.7410909456969611	580	0.7707954045565386	524	0.7899890563000008	
520	580	0.8280226480346845	505	0.8407683621337388	575	0.8432938206558512	
521	528	0.8527853409890098	562	0.8645527002754573	505	0.8727686985097817	
522	544	0.8851032810856908	579	0.8908466768259058	505	0.9016566131765841	
523	562	0.826060957123348	554	0.848040034833485	542	0.8573116937261313	
524	567	0.7618705517985348	556	0.7662655167763317	519	0.7899890563000008	
525	562	0.7762318561324207	509	0.7764546038996644	580	0.7922214944023529	
526	505	0.8279706367133548	551	0.8325785187534053	580	0.8326710450277386	
527	573	0.7831445025624095	552	0.7874361228453467	533	0.8179881248646906	
528	576	0.7231180239086272	546	0.7427540814227925	596	0.7872420511366487	
529	556	0.7998891944561103	580	0.8089887980510567	519	0.8106211978798122	
530	505	0.8331796251121496	580	0.8409818891628358	562	0.841054209338957	
531	518	0.813263802067446	529	0.8378849369364576	583	0.8463295003587082	
532	552	0.8518514438762418	526	0.8564043977599607	556	0.8567753733018788	
533	567	0.804429937659905	527	0.8179881248646906	566	0.8184915347254599	
534	576	0.8209176807947561	505	0.8340996352998575	562	0.8441197651973107	
535	567	0.837535908875065	556	0.8378641433532213	516	0.854073466888309	
536	518	0.7715367806841501	505	0.7869668826014147	592	0.7905650701701715	
537	580	0.8393045252542838	564	0.8520238601824976	552	0.8533780269457241	
538	504	0.8014386178638171	597	0.8702746504592177	549	0.8768890620729505	
539	544	0.7923141867159702	519	0.7932372074834898	505	0.8026403584699238	
540	572	0.7593284938723288	512	0.7652108940018931	556	0.7771829565296221	
541	536	0.8197298098547999	560	0.8284968955491675	580	0.8375399999951728	
542	523	0.8573116937261313	562	0.8687189506319626	556	0.8847315716835706	
543	512	0.7440829919127564	562	0.7854547198472194	549	0.786981081061538	
544	505	0.7567580332381725	539	0.7923141867159702	573	0.8154124698743415	
545	535	0.8553875343507857	534	0.8639776580042277	519	0.8870629119549839	
546	528	0.7427540814227925	572	0.7743001895995221	505	0.7870983349073067	
547	592	0.7610055432061827	567	0.7893146684678701	579	0.7904269588792313	
548	512	0.8232588972256709	562	0.8377304291942759	556	0.839749125303954	
549	562	0.7816463868147902	543	0.786981081061538	512	0.790409912880961	
550	526	0.8462161051739923	558	0.8494022099751946	536	0.852195927946466	
551	505	0.7447731017412391	580	0.7721667152839289	546	0.7912418316880443	
552	580	0.7702511995320903	578	0.7761004710307194	546	0.7873046799133099	
553	505	0.8558911542593195	567	0.8949640545451139	566	0.8996185666300829	
554	562	0.7853237433540585	551	0.8394258112003737	596	0.8455709851871901	
555	552	0.796768677781682	562	0.8365161578692327	525	0.8474665153399324	
556	509	0.7303217655648164	519	0.7410909456969611	562	0.7632627399674043	
557	567	0.8236671191922201	547	0.8538447346550119	580	0.8638973159286124	
558	512	0.7999161607586843	504	0.8109171888792832	556	0.814405065372616	
559	588	0.8497131962517507	518	0.8623070440606534	580	0.8700025377861377	
560	541	0.8284968955491675	505	0.8921659804491829	588	0.892773991825532	
561	580	0.77409792237052	551	0.8352311930495379	582	0.8429468521889983	
562	507	0.7499087056344756	556	0.7632627399674043	572	0.7657512035445756	
563	526	0.8385897608308704	524	0.8386758245889451	588	0.8457574368512477	
564	518	0.8369890998656777	508	0.8497343137498062	537	0.8520238601824976	
565	573	0.863172808682345	566	0.8737910370480815	510	0.8825492135252021	
566	556	0.8031971978341533	572	0.8039949432170993	580	0.8128855625008579	
567	524	0.7618705517985348	547	0.7893146684678701	533	0.804429937659905	
568	504	0.8265226313211268	536	0.8452919863798787	562	0.8455455421759095	
569	556	0.7983927925831271	512	0.8026970974353395	509	0.8139119706706697	
570	519	0.8238336135008377	581	0.8387968252054038	505	0.8544341673755164	
571	556	0.8440496649659901	580	0.8635674078776218	578	0.8958176745290958	
572	540	0.7593284938723288	562	0.7657512035445756	546	0.7743001895995221	
573	527	0.7831445025624095	544	0.8154124698743415	505	0.8244732593990235	
574	508	0.8656675626392935	528	0.8842052192011118	552	0.8861280155682789	
575	505	0.7655480305476153	512	0.7704756784174261	580	0.7993214416127743	
576	528	0.7231180239086272	547	0.8075300246614967	524	0.8079519787738302	
577	551	0.8294495490542335	562	0.8396812229596414	539	0.8504572786364588	
578	580	0.7257710825464316	596	0.7616471057464482	552	0.7761004710307194	
579	547	0.7904269588792313	524	0.8204606288098826	562	0.8283191592261236	
580	578	0.7257710825464316	552	0.7702511995320903	519	0.7707954045565386	
581	505	0.8209882735904408	543	0.8244050672505386	570	0.8387968252054038	
582	543	0.8251390182765688	505	0.8276328020298094	561	0.8429468521889983	
583	546	0.804900579167224	528	0.8184284889710375	562	0.8318899791545776	
584	556	0.7919930314981832	505	0.8455194919867128	509	0.8557453684972774	
585	573	0.8376900291051604	529	0.8383159714925968	567	0.8442544753111593	
586	576	0.9074173610793194	534	0.9117907983656129	570	0.9181222519632022	
587	567	0.8234421465480388	592	0.84352690340898	524	0.8437853401360119	
588	518	0.8112386454348766	539	0.8241492913143896	547	0.8252997871832404	
589	578	0.8265041005277123	524	0.8279592242069235	556	0.8324224477600058	
590	578	0.8905215664363593	527	0.8973317646117931	515	0.9028871685829791	
591	540	0.861463273086379	556	0.8809946581879835	567	0.8936766055807182	
592	505	0.7591880991375572	547	0.7610055432061827	536	0.7905650701701715	
593	556	0.829606243403883	505	0.8409111850229044	576	0.8601602301182699	
594	543	0.8747627302816493	556	0.8890971427150568	578	0.8956503669852928	
595	528	0.8369724892573062	575	0.8382564772688285	554	0.8633836055776382	
596	578	0.7616471057464482	528	0.7872420511366487	509	0.8061617356035111	
597	562	0.8095944898329476	505	0.8144403743665667	556	0.8177898730385681	
598	533	0.8346011854383117	547	0.8601781265289403	546	0.878908728858411	
599	536	0.8199800643351599	572	0.8210095942062963	562	0.8436525443033231	
600	609	0.7707485872567909	673	0.7953255109428279	647	0.8157792437634943	
601	636	0.8150216776317544	632	0.8369890147694503	681	0.8582142233262856	
602	680	0.7738987335774741	620	0.7755293237570651	651	0.7791955726527355	
603	632	0.8478918057130119	662	0.8542468503099439	609	0.8617202102199388	
604	649	0.8542930647367971	664	0.869649160803563	635	0.9103806656638576	
605	670	0.8278340705866315	681	0.8279760984142622	662	0.8287117297332314	
606	636	0.7941890901552942	621	0.7952060649861016	628	0.7997827468054441	
607	662	0.8205313364536884	627	0.8310553277649865	674	0.8381832725292573	
608	662	0.8223892720796292	652	0.8285660562795036	636	0.8345240046902962	
609	631	0.749439248361953	600	0.7707485872567909	648	0.7806895169034452	
610	680	0.7802312058954665	617	0.7871230041678335	631	0.808090858802185	
611	664	0.8539780298977205	695	0.8602995306120506	665	0.8638152816337369	
612	632	0.771754147763791	681	0.8069447020070276	662	0.823880375658159	
613	624	0.8330009700738689	688	0.8411151175995323	645	0.8537253126281633	
614	652	0.8378328803067239	653	0.8459780492656976	680	0.8566885403539377	
615	655	0.7914999980008482	652	0.8181261231520506	620	0.8254993429623843	
616	658	0.7798478992559106	688	0.8341372908994132	664	0.8412101106009826	
617	648	0.779904015826877	610	0.7871230041678335	662	0.8048595599214584	
618	662	0.8509495359769716	645	0.8580411487855588	637	0.8631276072418155	
619	662	0.7894661849585528	664	0.7998348118494826	665	0.8213419547006815	
620	664	0.734973899335444	639	0.7442849389160965	649	0.7483257209150228	
621	680	0.7922636019063188	606	0.7952060649861016	646	0.8091389719048757	
622	671	0.76500534457465	651	0.8067056469456408	623	0.8200943563674068	
623	617	0.8106282815877364	622	0.8200943563674068	658	0.8382233517035812	
624	662	0.7825437947519003	613	0.8330009700738689	664	0.8375011967622216	
625	662	0.7479532557692596	686	0.8407634710586063	651	0.8428870865989481	
626	602	0.8442272238493436	665	0.8549380240948102	620	0.8791342824136535	
627	665	0.8060628312670571	632	0.8282048039650332	607	0.8310553277649865	
628	620	0.767573036910198	658	0.7813624451849842	606	0.7997827468054441	
629	670	0.8022586655733271	620	0.8211720951179088	681	0.8345196744948342	
630	620	0.7794281611798399	631	0.8048064757429273	609	0.8213789250968478	
631	609	0.749439248361953	680	0.7658610665779428	665	0.7821390398895228	
632	662	0.7545482820272329	690	0.7568136613226437	620	0.7628795895776277	
633	609	0.7846146211416528	631	0.7999133733041941	662	0.8093804188470325	
634	653	0.8243497483450137	688	0.8300168793838095	609	0.8330013092731028	
635	620	0.7612488796021205	665	0.7676010056304617	681	0.7892164840290957	
636	606	0.7941890901552942	632	0.8069825032170738	601	0.8150216776317544	
637	681	0.7843410263888683	662	0.800111321926647	664	0.8130474299578843	
638	690	0.8281109038432247	632	0.8349120789048499	620	0.841547142080821	
639	620	0.7442849389160965	680	0.8091765377157425	664	0.8209786930914623	
640	663	0.8115937485518281	622	0.830108366725442	642	0.8341734563992178	
641	645	0.8201582090919018	635	0.8220446556820463	610	0.8607857234364102	
642	665	0.8016019373843974	652	0.8078398385860727	692	0.8150471077386287	
643	680	0.8543828244884595	688	0.8650460921721822	689	0.8983527637319089	
644	692	0.8738193738856459	633	0.8840893427413625	609	0.9165932391905824	
645	647	0.812617060478256	635	0.8180483477769542	641	0.8201582090919018	
646	620	0.80426069113274	621	0.8091389719048757	677	0.8138829614872601	
647	690	0.7577773469760949	680	0.810437691600131	694	0.8124292398516799	
648	617	0.779904015826877	609	0.7806895169034452	680	0.7857739845663615	
649	620	0.7483257209150228	628	0.810097480908044	664	0.8152296970883353	
650	658	0.8469056534958052	620	0.8908941753309285	666	0.896390681931638	
651	602	0.7791955726527355	875	0.7989556488288282	622	0.8067056469456408	
652	631	0.7899471888298603	642	0.8078398385860727	635	0.808288979494298	
653	620	0.8009673650816302	634	0.8243497483450137	614	0.8459780492656976	
654	663	0.8174572967206771	648	0.8354991441433126	635	0.8465168451157425	
655	615	0.7914999980008482	648	0.827191232800505	632	0.8281039086634469	
656	649	0.8165853154800359	687	0.8182402326138937	602	0.8290403939922402	
657	670	0.8101709034909381	664	0.8263111724134252	652	0.8298516145855519	
658	616	0.7798478992559106	628	0.7813624451849842	620	0.7844238384729448	
659	635	0.8055847237103321	688	0.8442128486294395	678	0.8573281775282968	
660	690	0.7900222020036831	662	0.8249775177851201	651	0.8372344961910121	
661	690	0.827687508214579	662	0.8312058446108396	610	0.8526631037154612	
662	625	0.7479532557692596	632	0.7545482820272329	624	0.7825437947519003	
663	640	0.8115937485518281	609	0.8163797660642956	654	0.8174572967206771	
664	695	0.7142355486056462	620	0.734973899335444	671	0.7892694501671272	
665	635	0.7676010056304617	631	0.7821390398895228	642	0.8016019373843974	
666	639	0.8288858003680786	664	0.8410674864646377	695	0.8573650770843093	
667	690	0.7865079765962871	602	0.8191353322431845	652	0.8256577438150275	
668	630	0.8556766166132264	609	0.8758790097073623	631	0.9037735940570579	
669	680	0.8384704435847958	636	0.8390648511186044	632	0.8582079000829755	
670	629	0.8022586655733271	635	0.8033298061555494	658	0.8034281592972023	
671	622	0.76500534457465	664	0.7892694501671272	645	0.8215677073167704	
672	676	0.7535385200769635	635	0.7941837595517107	602	0.8065894970715403	
673	600	0.7953255109428279	652	0.8246634386168373	640	0.8654685772967836	
674	620	0.8131739898387645	607	0.8381832725292573	602	0.8384648353353293	
675	617	0.8268369359914136	664	0.8370502914645219	658	0.8616944071994025	
676	672	0.7535385200769635	648	0.8093903540853299	690	0.8168241631827289	
677	620	0.7816778292226342	689	0.8105136808438077	646	0.8138829614872601	
678	647	0.83987605828988	642	0.8418755003055484	609	0.8461072308639918	
679	612	0.8873287283922628	699	0.8966870245710084	648	0.9046871851911963	
680	631	0.7658610665779428	602	0.7738987335774741	620	0.779243133799698	
681	637	0.7843410263888683	620	0.787274644267532	635	0.7892164840290957	
682	664	0.8282509590144153	645	0.8332443432177562	647	0.8333485666539034	
683	658	0.8318904868373496	682	0.8401639425040227	647	0.8465210609216127	
684	636	0.8897164624023713	642	0.8934153395066705	634	0.8940650157303651	
685	635	0.8434988993738498	613	0.8718458496504123	672	0.8735987883809084	
686	658	0.7989391635316027	692	0.8018078615000004	681	0.8297547728958242	
687	620	0.7937809851107532	632	0.8069824498069137	656	0.8182402326138937	
688	680	0.7936602511368341	693	0.809099817580808	635	0.8184947655539324	
689	677	0.8105136808438077	680	0.8258571543921144	620	0.8332806696850064	
690	632	0.7568136613226437	647	0.7577773469760949	680	0.7857507389602922	
691	648	0.8479024590227788	647	0.8508673663536308	685	0.8775358451947043	
692	686	0.8018078615000004	642	0.8150471077386287	658	0.8230674392655956	
693	632	0.8048944808044779	688	0.809099817580808	642	0.8483815771730625	
694	617	0.8052901783480717	647	0.8124292398516799	651	0.8136608473321043	
695	664	0.7142355486056462	620	0.7965383413820524	662	0.8143587169049635	
696	658	0.86778607920883	624	0.8704901009697238	609	0.8709499597716289	
697	632	0.8478228337826204	620	0.8653952658967402	645	0.8664264460800264	
698	672	0.8371537374807171	645	0.844094272832772	635	0.8456169482582983	
699	667	0.8573006842337039	664	0.8611126562071353	632	0.862273587373497	
700	859	0.7888822234551461	728	0.8268789594517437	755	0.836981526229841	
701	800	0.7593968509254523	876	0.7818059744846015	771	0.7888588648095864	
702	795	0.7352023827758764	733	0.744969534382818	820	0.7652346050397381	
703	882	0.8934902035853601	848	0.9103094645130851	821	0.9137444969763331	
704	771	0.8325233219375365	883	0.8458357775799146	806	0.857483049767358	
705	872	0.8566549126601791	781	0.8689835494101834	821	0.8781642371413141	
706	882	0.764236303327402	821	0.7868041711321606	806	0.7890346570083883	
707	882	0.8291971642238779	835	0.885767361977688	771	0.8874818192689593	
708	806	0.7782299028691402	810	0.7892655042215815	811	0.7917932220049672	
709	725	0.8250949130950127	767	0.8268485680388367	791	0.8436955921352963	
710	870	0.8289082503809994	701	0.8373991033883701	771	0.8388699177996108	
711	855	0.7557949874571885	771	0.7998617222846305	714	0.8159086379982403	
712	802	0.834675883400493	748	0.8428746567140248	771	0.8434182385506814	
713	778	0.7931201505199402	806	0.7955213359712842	728	0.8034476003470552	
714	757	0.7762126582303265	820	0.7844220706509722	756	0.7846411270183133	
715	794	0.8369986048193153	893	0.8377114008246321	754	0.849165076206456	
716	859	0.7993592353776295	806	0.8033576239322361	882	0.8064697295675913	
717	882	0.7830128502462566	701	0.8306844433428683	823	0.8380236119686252	
718	761	0.7688803857421417	882	0.7949135289279413	893	0.8068684366253696	
719	800	0.7714446761551476	701	0.7973412675865246	858	0.832131616391612	
720	755	0.8077493989437243	708	0.8407896100381829	822	0.8465615250402088	
721	806	0.7445250336294554	794	0.751256576036156	821	0.7767550620896746	
722	800	0.8648659728477108	785	0.8740498914612813	719	0.8846387966142288	
723	837	0.7714345163919611	767	0.7722435658695488	882	0.7765461997063385	
724	778	0.784943783090782	755	0.7892781292723188	802	0.797240576530071	
725	882	0.7974030218388474	806	0.8001739266325322	701	0.814829970146318	
726	755	0.8193075432561114	749	0.8594528225215554	821	0.8627583941961413	
727	855	0.7954227711521191	882	0.8179286475399458	867	0.8404695876554512	
728	755	0.7204416261641997	894	0.7468578845440904	737	0.7822392944888649	
729	867	0.811292397407964	733	0.8204994642427406	880	0.8286909151346733	
730	805	0.8139259138684305	806	0.827342373670201	744	0.8362511002397146	
731	771	0.7566192950511046	883	0.7692932635245325	806	0.8012585346419019	
732	811	0.7880059238084158	788	0.8226982445821891	813	0.8410225649736475	
733	702	0.744969534382818	791	0.806304971243821	736	0.8147311872641244	
734	759	0.8319427841089634	883	0.8408037761077772	702	0.8421458972583825	
735	869	0.8416027641134988	806	0.842953062481272	755	0.8503572622163238	
736	885	0.7843446030911245	755	0.7983207772158373	714	0.8106617711539973	
737	788	0.7281570040605895	806	0.7563546171255555	846	0.7582319668054808	
738	767	0.7859045784731082	788	0.8401701618970414	837	0.8450855795983858	
739	773	0.8172488947870478	768	0.8313770819873488	714	0.8332769706634833	
740	806	0.8448958429040301	777	0.8676327587968156	771	0.8760877619433727	
741	806	0.8190126519690478	755	0.8245172388181784	880	0.8406683388945021	
742	880	0.8404713601955001	874	0.8770371666487907	755	0.884839303558281	
743	815	0.763968534497424	767	0.7767815131227207	788	0.7781098890000914	
744	805	0.7840032590154192	882	0.8038473671449924	820	0.8093464003515204	
745	870	0.8136002985975971	737	0.8316581344770058	820	0.8398841179113307	
746	761	0.8066160576839203	765	0.8379054453126241	810	0.8419781919326937	
747	859	0.7986557224098078	811	0.8166187584929464	737	0.8325622487354761	
748	780	0.7892252214089588	800	0.8051969228316956	767	0.8065413313164672	
749	817	0.8174740366002401	767	0.8338162768019584	806	0.8346539451229373	
750	894	0.7848899616760634	884	0.809073895826608	806	0.8110934688139967	
751	810	0.8009710517503421	737	0.8035173078189755	882	0.8170093396795232	
752	755	0.821135247920618	720	0.8506936170669699	771	0.8764022133799149	
753	701	0.8778330437360046	858	0.8881668986538399	791	0.8913936937525015	
754	800	0.8096246767796179	725	0.8156468790624535	765	0.8251613072478863	
755	806	0.7190493092522253	728	0.7204416261641997	817	0.73573773902628	
756	714	0.7846411270183133	882	0.8238955995765697	883	0.8373972122951728	
757	714	0.7762126582303265	800	0.80081117224073	866	0.814382899959539	
758	736	0.8193963274114097	862	0.8361676924178846	700	0.8420460357664276	
759	822	0.7811795267929827	815	0.7908296382384111	872	0.8004164820785589	
760	846	0.8305882945688852	788	0.8608657837867655	778	0.8755978901110338	
761	755	0.750507362072889	767	0.7598904429339831	893	0.7618196604442772	
762	755	0.7494762266550056	620	0.7819428148561407	882	0.797460264524621	
763	771	0.8543430494595671	708	0.8566477084147355	701	0.858817818538825	
764	882	0.8872070474411013	800	0.8948761342642272	751	0.8974205255660268	
765	791	0.8058495791631084	768	0.8143224390217628	800	0.8237595495704331	
766	882	0.8067802116306064	858	0.8181374991987639	854	0.8435761972679267	
767	791	0.7029712283352809	761	0.7598904429339831	788	0.7699128237575266	
768	761	0.765107249155764	870	0.7667898580901423	885	0.7923250529641442	
769	788	0.7611248296798537	846	0.8090156953867461	829	0.8326060905597725	
770	893	0.7637250221707531	794	0.8146176263979429	716	0.8319491273319255	
771	800	0.7091290411446511	806	0.7164454970409748	861	0.7287945445709988	
772	855	0.8700923149987333	888	0.8726129505868394	893	0.8911588888316405	
773	882	0.7848052438262232	848	0.8038553700430358	739	0.8172488947870478	
774	708	0.8584011121614687	733	0.8729646805699596	841	0.881694144998948	
775	737	0.7929397294309952	862	0.7981818793630618	867	0.8060881020576034	
776	791	0.7768955819417657	882	0.8290649695497426	818	0.8344651154333264	
777	846	0.797069440772944	737	0.8062940611094342	788	0.8100780207621069	
778	724	0.784943783090782	713	0.7931201505199402	842	0.8022170803590983	
779	832	0.76741587208421	701	0.7897790091978815	771	0.7955103192529916	
780	791	0.766614070376156	748	0.7892252214089588	833	0.8039085576279482	
781	876	0.8560623454417075	705	0.8689835494101834	822	0.8697872988355129	
782	849	0.8492275772862381	846	0.8774205741510739	806	0.8785903288546707	
783	755	0.7845580625374856	779	0.8411699724748801	808	0.8546619323611448	
784	773	0.8375651469909525	770	0.84381025275098	788	0.8488349883248697	
785	837	0.8069465083201225	806	0.814587640127326	708	0.8237881021292519	
786	806	0.8087286890445136	708	0.8100353625376234	755	0.8249140836709812	
787	806	0.8700069043439077	802	0.8834370486074774	750	0.9076620092879283	
788	867	0.7195445732612704	737	0.7281570040605895	769	0.7611248296798537	
789	767	0.8160894772763536	898	0.8210451121008397	738	0.8478659061690966	
790	771	0.8078666138969954	755	0.8147092811944242	835	0.8172433134199085	
791	767	0.7029712283352809	780	0.766614070376156	776	0.7768955819417657	
792	721	0.8012235936466681	885	0.8049947926242983	803	0.8078047998809157	
793	755	0.7902023152603416	893	0.8460826761488045	721	0.8544132835240763	
794	721	0.751256576036156	808	0.7809765199131425	761	0.7884695937959202	
795	702	0.7352023827758764	706	0.8226457329519467	794	0.8288979224124067	
796	859	0.8315917403200315	748	0.8613231569408233	806	0.8742915736339484	
797	800	0.8752061086820577	850	0.8764283486541788	820	0.8765746515021846	
798	894	0.8250959924979114	755	0.825750769436712	762	0.8500724373524448	
799	791	0.8120674451221458	862	0.816313979192152	716	0.8326616688468698	
800	771	0.7091290411446511	701	0.7593968509254523	719	0.7714446761551476	
801	884	0.7839640374823946	829	0.789429456525097	761	0.8032896887602482	
802	806	0.7799128790524623	724	0.797240576530071	893	0.8202191901241428	
803	859	0.7486896139136354	737	0.7613546883389748	837	0.7618781022444626	
804	867	0.8015591810584948	806	0.8191180074319616	788	0.8345602006705417	
805	744	0.7840032590154192	730	0.8139259138684305	855	0.828432544902646	
806	771	0.7164454970409748	882	0.7171824890264885	755	0.7190493092522253	
807	794	0.8135942097354861	867	0.8310569464975597	771	0.8420288296496329	
808	794	0.7809765199131425	701	0.8238591562729233	761	0.8264975128756106	
809	723	0.8177418471261838	818	0.8282559838729773	702	0.8311508171745488	
810	708	0.7892655042215815	806	0.7988447956057231	885	0.7991777602510501	
811	771	0.7526324075735288	732	0.7880059238084158	708	0.7917932220049672	
812	871	0.8683027386512384	791	0.8708103163109144	817	0.8756559271322836	
813	885	0.8288987136879938	732	0.8410225649736475	806	0.864268796436582	
814	862	0.8101836973916663	755	0.8600448598609506	806	0.8636317281386434	
815	743	0.763968534497424	759	0.7908296382384111	806	0.8097272628191909	
816	737	0.8152900796936755	893	0.8685924840899049	767	0.8739398562230558	
817	755	0.73573773902628	749	0.8174740366002401	880	0.8217662246673544	
818	862	0.7849758126846222	721	0.7894072292759391	806	0.7929803787999102	
819	806	0.7461845529370502	761	0.781338774619311	821	0.7874197727768714	
820	882	0.7430027272159831	702	0.7652346050397381	806	0.7673089918615481	
821	846	0.7494048847489333	806	0.7523701777576596	721	0.7767550620896746	
822	759	0.7811795267929827	706	0.816320123961845	876	0.8243361537472501	
823	737	0.7843015913812686	846	0.8130792315320547	767	0.8177469884184213	
824	701	0.8061203117984419	788	0.826235497635537	708	0.8267967963810537	
825	788	0.7999939592160663	882	0.8057257785629613	755	0.8325146875627378	
826	755	0.8373379647227944	882	0.8580809449384916	880	0.8615482112667616	
827	806	0.8065880239572576	755	0.8218699211907119	869	0.835282638691122	
828	737	0.8029594697666532	761	0.8226029902954274	721	0.8239284710243099	
829	859	0.7723393583676544	801	0.789429456525097	820	0.7993320570954479	
830	803	0.798484734899983	751	0.8562880790240948	738	0.8696757123579864	
831	737	0.8116220515944432	748	0.8116954740571379	771	0.8330158161152819	
832	779	0.76741587208421	737	0.807218589312639	803	0.8157222893685787	
833	882	0.7576746080080119	755	0.7847515036883478	806	0.7975553484910174	
834	769	0.8380798175996306	761	0.8394890347107811	893	0.8446091271444488	
835	819	0.7943666864684092	806	0.800365419033161	759	0.8141555430803485	
836	820	0.8370151957273771	810	0.8642048718759195	806	0.8674408084795907	
837	803	0.7618781022444626	755	0.7633199983285991	737	0.7709669956727192	
838	806	0.8108438928016343	872	0.8197687341206071	803	0.8474414444502691	
839	788	0.822912401221924	716	0.8307757951612963	737	0.845990596771778	
840	761	0.8019924070756408	819	0.8308592348985655	780	0.8350278475887376	
841	868	0.8159151880515617	635	0.825022081133708	880	0.8376008713285336	
842	806	0.7983371184850164	778	0.8022170803590983	855	0.812450280594443	
843	711	0.8972676921291947	744	0.9135455994349309	771	0.9207242344761917	
844	785	0.8384937067356201	702	0.8542964506152193	861	0.891030642665548	
845	788	0.7966300241693234	755	0.8070120115049465	771	0.8074645856397572	
846	821	0.7494048847489333	737	0.7582319668054808	806	0.796398979210583	
847	768	0.8088572390230512	803	0.8173461865318921	806	0.8223640244364196	
848	773	0.8038553700430358	743	0.8289594772831271	771	0.8453751910477763	
849	806	0.7970741303640788	771	0.8121400278056492	794	0.8337087176290651	
850	859	0.7758997157099848	882	0.8033191114148786	806	0.8052837706735255	
851	709	0.8897263713406576	768	0.9078394990580007	736	0.9184079690041109	
852	804	0.8353911545105606	838	0.8549502098016131	724	0.8634964763609895	
853	721	0.8655660545291114	837	0.8767221215829767	889	0.8898086143555631	
854	794	0.837055582138397	880	0.8416239001218345	807	0.8429224528422238	
855	806	0.7365519197976125	893	0.753406616029446	711	0.7557949874571885	
856	806	0.812462303558818	855	0.8454589364403552	842	0.8489174907132739	
857	751	0.8337151074618597	822	0.8700455468253742	785	0.879335561653445	
858	771	0.7532943859827078	806	0.7819886983164088	803	0.7862814242587236	
859	803	0.7486896139136354	882	0.7611944046801467	829	0.7723393583676544	
860	790	0.8713706004360416	718	0.8825409350121358	820	0.8979327057215544	
861	771	0.7287945445709988	800	0.7940405766956499	806	0.8132425899440606	
862	818	0.7849758126846222	820	0.7853074377618378	755	0.786765926772223	
863	820	0.7805205297145702	882	0.8035375593223569	775	0.8146025931314472	
864	755	0.8158453096684539	714	0.8222052352999069	846	0.8321486719728328	
865	883	0.7978637723713058	884	0.8225827916559211	454	0.8397595470834656	
866	794	0.8099155647193556	757	0.814382899959539	743	0.8149349304814273	
867	788	0.7195445732612704	737	0.7645409991584502	702	0.7779420343934713	
868	771	0.801091564815616	841	0.8159151880515617	888	0.8233041380504623	
869	755	0.7433335575366045	767	0.7709116552673325	883	0.81067419739791	
870	768	0.7667898580901423	723	0.7937128774707856	882	0.8007156835925128	
871	767	0.7885071227978182	882	0.8150875492844264	806	0.8203023401817356	
872	806	0.7802246985312798	759	0.8004164820785589	821	0.8112957218289024	
873	761	0.8595106201982127	737	0.877351104205495	778	0.8868167578677699	
874	755	0.7598506554335309	721	0.7784166709830763	771	0.8169714585631472	
875	761	0.7942662743796258	651	0.7989556488288282	859	0.8072994718180689	
876	701	0.7818059744846015	755	0.8186505701077715	822	0.8243361537472501	
877	761	0.8166744533399234	829	0.8374299420368968	806	0.8436079141214501	
878	859	0.806869566852729	846	0.8411118741594054	723	0.8597898765629465	
879	755	0.8086675817334872	884	0.8323445092541234	744	0.8405700869956283	
880	761	0.7688728241625324	820	0.7747989746368835	806	0.785494606398638	
881	771	0.8007679140616812	806	0.8051660658468558	882	0.8159938218334948	
882	806	0.7171824890264885	820	0.7430027272159831	755	0.7466417765571902	
883	755	0.7493097825186231	731	0.7692932635245325	761	0.77660591500933	
884	894	0.7540604802216667	801	0.7839640374823946	728	0.78850450105159	
885	736	0.7843446030911245	768	0.7923250529641442	810	0.7991777602510501	
886	880	0.8272389447037316	768	0.8506404091148323	706	0.8596772825658636	
887	898	0.8021938586288461	829	0.8093506882073243	751	0.8306190641536905	
888	806	0.7814971104895738	820	0.7823608858096518	855	0.8060300982096243	
889	806	0.7671471486409148	771	0.7948932430921967	855	0.8221512644935691	
890	859	0.8411395774023552	701	0.8418339855339337	744	0.8426619388460255	
891	755	0.7951035977526376	845	0.8301801257027555	761	0.8597231658339751	
892	702	0.8267320362210054	706	0.8466837084833614	723	0.8474956265279716	
893	855	0.753406616029446	761	0.7618196604442772	770	0.7637250221707531	
894	728	0.7468578845440904	755	0.7492328386304786	884	0.7540604802216667	
895	744	0.82147642449639	806	0.83007705855783	743	0.8368167240590928	
896	767	0.7871393896574543	755	0.8169076936133691	778	0.8230939407322396	
897	755	0.8223148973701259	820	0.848509171353325	850	0.8496569717157494	
898	771	0.7848001631560708	887	0.8021938586288461	789	0.8210451121008397	
899	721	0.8662026068303381	737	0.8724926090877515	702	0.8754770228894498	
900	989	0.8522934797536175	967	0.8544033665436059	903	0.8656220100011173	
901	957	0.8656751615307549	950	0.8679280362313319	990	0.87993694845754	
902	908	0.8439410176892073	929	0.8459349593515004	934	0.8857531902390356	
903	933	0.7611513577671738	915	0.7626221248474309	960	0.780053495085394	
904	914	0.767812696474604	911	0.7918836928612705	964	0.8001543585787848	
905	903	0.8242638234743963	907	0.8391420227033616	989	0.8446009243812342	
906	970	0.9001411844859355	962	0.9333864319045913	986	0.9461981234223269	
907	960	0.8276359630406083	989	0.836612527588876	905	0.8391420227033616	
908	988	0.7660130898166413	934	0.770118529281423	999	0.8174419624313376	
909	959	0.7867435715520825	966	0.8111054893025943	998	0.8477960638517623	
910	988	0.8127135167676548	908	0.8220517980954984	999	0.8303071150203591	
911	904	0.7918836928612705	931	0.8140379726704978	959	0.8208883824357835	
912	941	0.8507730357703672	958	0.8963041889363546	964	0.8994326785001954	
913	920	0.8046967102543264	908	0.8201640715604973	976	0.8324112727635392	
914	904	0.767812696474604	911	0.8424275611272947	916	0.8441505879019675	
915	903	0.7626221248474309	984	0.8123589904124348	996	0.8184698362300007	
916	922	0.8432231997296209	914	0.8441505879019675	911	0.8509726628758261	
917	908	0.8758694281774784	988	0.9078264477948661	934	0.9117601335339854	
918	967	0.8500927760147172	920	0.8640751418193289	947	0.8688205707472323	
919	988	0.8196985921774114	932	0.8224691057569434	987	0.8429578303871738	
920	999	0.7888824924246893	913	0.8046967102543264	956	0.808013187290131	
921	932	0.8085865513303501	996	0.8371601753842686	929	0.892582683674235	
922	970	0.8310769463924769	916	0.8432231997296209	938	0.8544399895144809	
923	959	0.8148679023868932	930	0.8721546195841755	938	0.8820335958259621	
924	996	0.8242998921600158	933	0.8358863249860721	932	0.837333252369915	
925	990	0.8427407006172026	976	0.8475845333280898	968	0.8850238230308147	
926	964	0.8256727811394872	904	0.8454521430013558	946	0.8686546407290137	
927	938	0.767102223142304	986	0.8466979840294842	974	0.8520794384698068	
928	934	0.8641464868309845	969	0.8683433875345092	976	0.87390177818135	
929	989	0.8058419179560894	988	0.8070956918318761	953	0.8167100113364382	
930	966	0.8060025089565316	904	0.8257931470177071	938	0.8378206578078666	
931	964	0.7709305217013959	904	0.8036262397623279	911	0.8140379726704978	
932	996	0.7737332062754526	987	0.7920511986517171	921	0.8085865513303501	
933	903	0.7611513577671738	989	0.7798593710534985	934	0.7954818914140176	
934	908	0.770118529281423	933	0.7954818914140176	988	0.8206119417732306	
935	960	0.8015620887224965	903	0.8070506520253632	967	0.8226389309101765	
936	986	0.8306041559522941	904	0.8383891409812153	966	0.8478923420762019	
937	920	0.8499701830475611	903	0.8506478384203965	989	0.8529706937232849	
938	927	0.767102223142304	946	0.7947189456056172	959	0.8124580272984522	
939	966	0.7825424573419797	911	0.8287530825292708	904	0.8414946437461605	
940	967	0.7392926656214406	976	0.8050529181859684	978	0.8251767641274863	
941	966	0.7851887316167436	931	0.8171531699304552	938	0.850604853400866	
942	930	0.8441794004807718	962	0.8495144452549793	998	0.8590137756269598	
943	936	0.8941664200570709	909	0.9020324376455285	959	0.9028688576083611	
944	924	0.864651384451787	932	0.8802466687427266	929	0.9082868081313187	
945	981	0.8893095205314459	935	0.8899687657926727	920	0.8943905075049596	
946	938	0.7947189456056172	962	0.8148251018011683	993	0.8438197549821694	
947	967	0.8209447871095901	990	0.8279300124425315	988	0.830660631995519	
948	932	0.8462902988431189	996	0.8510896530966187	934	0.859179658096419	
949	990	0.877586193753101	932	0.8784421527229943	918	0.8973092776308529	
950	924	0.8454284119425616	967	0.8458539502210273	935	0.8485156139840676	
951	988	0.8731208346360325	984	0.9177605030571602	968	0.9213909572055239	
952	967	0.8432083788861526	918	0.8874634227851791	903	0.8971571238810073	
953	929	0.8167100113364382	989	0.8358034253540318	976	0.8532729930185801	
954	911	0.8326443078213578	959	0.8808357693552862	961	0.8809220000977078	
955	999	0.9292427255963405	957	0.9322290555550737	989	0.9412927251923487	
956	920	0.808013187290131	915	0.8474412511829872	903	0.8671914432489847	
957	996	0.7980166639978025	989	0.8327221789962729	968	0.8464404587657796	
958	986	0.8411639563551612	904	0.8496182827355303	959	0.860554626972152	
959	909	0.7867435715520825	966	0.8101968959285955	938	0.8124580272984522	
960	903	0.780053495085394	967	0.7970826037277466	935	0.8015620887224965	
961	959	0.8192938787021534	904	0.8246561623465339	979	0.8406189233622032	
962	946	0.8148251018011683	959	0.8288880953688172	942	0.8495144452549793	
963	913	0.8498012322099507	989	0.8525161600819773	920	0.8696764124149857	
964	931	0.7709305217013959	904	0.8001543585787848	926	0.8256727811394872	
965	981	0.8353719197859623	989	0.8391759095197319	967	0.8557765054677337	
966	939	0.7825424573419797	941	0.7851887316167436	930	0.8060025089565316	
967	940	0.7392926656214406	990	0.7606288991473675	989	0.7859849555842188	
968	976	0.8358347643834955	940	0.8424895709845526	957	0.8464404587657796	
969	920	0.8262245045289625	935	0.8395433904471147	934	0.8417939257289522	
970	922	0.8310769463924769	979	0.8800684008131332	936	0.8825876111866743	
971	989	0.7999492362098358	988	0.8503813911855959	903	0.8522651770609689	
972	929	0.8554595531913421	953	0.8701763144731622	935	0.908406520158325	
973	922	0.8742811524230136	966	0.8824026201105181	914	0.8875001118832496	
974	904	0.8151260967622446	975	0.8219797331586446	938	0.8224633056700497	
975	974	0.8219797331586446	942	0.8688145560911681	998	0.8854355414000606	
976	940	0.8050529181859684	903	0.8073403181492659	960	0.8155897891174914	
977	990	0.824128313692759	981	0.8264138666612313	910	0.8834185361019072	
978	929	0.8251521435579944	940	0.8251767641274863	967	0.8398103244647376	
979	961	0.8406189233622032	931	0.8544044183043742	959	0.856056991913384	
980	903	0.8503972181335892	940	0.8519174218535015	996	0.8730408817805649	
981	932	0.8164132777474105	977	0.8264138666612313	990	0.8279720721054002	
982	910	0.8649842993807613	990	0.8701903703795218	999	0.8703999668643442	
983	990	0.8423836954718437	903	0.8572324755258945	997	0.8625690011020475	
984	988	0.7320957903005278	915	0.8123589904124348	929	0.8387118555730796	
985	911	0.8385851361956763	941	0.8548078581992339	959	0.8813914929674493	
986	936	0.8306041559522941	958	0.8411639563551612	927	0.8466979840294842	
987	932	0.7920511986517171	967	0.8112562773934786	919	0.8429578303871738	
988	984	0.7320957903005278	908	0.7660130898166413	929	0.8070956918318761	
989	933	0.7798593710534985	967	0.7859849555842188	903	0.7888101587423919	
990	967	0.7606288991473675	989	0.8114457061870421	977	0.824128313692759	
991	903	0.8303380732699843	988	0.836517878446899	960	0.8697416472842577	
992	989	0.8932215308199595	988	0.9033092270632828	932	0.9097487883096843	
993	938	0.8192457357761429	904	0.8218822532109721	946	0.8438197549821694	
994	961	0.9108752130365334	946	0.9152305459736292	938	0.9313639067101923	
995	920	0.8461561694877295	907	0.8708297374986945	903	0.880010571285183	
996	932	0.7737332062754526	957	0.7980166639978025	967	0.8156556821070835	
997	915	0.8280313920018842	988	0.8477062873126618	934	0.856557895422622	
998	974	0.8327889495059517	909	0.8477960638517623	942	0.8590137756269598	
999	920	0.7888824924246893	989	0.8100389448899958	908	0.8174419624313376	
