-0.5518750015889198	-2.4833900430994218	0.0
-0.9982214203734321	-4.0213611641548956	0.0
-1.9800974836671834	-2.9100594525459385	0.0
-2.4222370154926991	-5.7335489837435603	0.0
-0.9925641394496032	-3.6470499779857799	0.0
0.7446921293037342	-3.8166208957930525	0.0
0.3571445346877224	-2.0284398704987812	0.0
-1.6631380750600040	-2.1239570312226834	0.0
-2.4861584497350799	-5.3715155593259585	0.0
2.0133697271286461	-3.5954757317669777	0.0
-3.2327683097778412	-4.1504349547375332	0.0
-1.5307840706312827	-5.0523289055733613	0.0
-0.2192152712138721	-5.2561181101473080	0.0
-0.4899439740042812	-2.9960996344407409	0.0
-2.7759526849563705	-3.7609356802768383	0.0
-0.2102535043644221	-2.5018004752887935	0.0
-0.1980339484789968	-0.9683572368214745	0.0
-2.1888400878355996	-2.5293331833598214	0.0
-0.4539415393660249	-5.1767065921773217	0.0
-2.5303928384904917	-6.8194390737302646	0.0
-0.3088158046686576	6.6685985323961416	0.0
-2.6704399840633570	-2.5293147438617689	0.0
-1.1365424562823869	-4.1780083543316451	0.0
1.7301401073252165	-4.7057433883554083	0.0
-1.0606629790995663	-1.1213677551567920	0.0
1.6365447240357047	-4.7645006184377134	0.0
2.5319341725106042	-5.7373897959417688	0.0
-0.8682429687466641	-1.9867069885239836	0.0
-0.6638826095801269	-5.3221935401721323	0.0
0.8208175023110794	-5.2622244248481973	0.0
-0.4677201510721467	-3.3330660607010549	0.0
-0.2060064868795924	-6.2155050609567946	0.0
0.2733356265983226	-2.8570311217516982	0.0
-0.4154300994733962	-6.4705554013880482	0.0
-1.9698393780875401	-3.8857902098099837	0.0
7.9839620106901785	2.7941099382094752	0.0
-0.6025200204790226	-3.9562707129403427	0.0
1.1387343331696074	-6.9213807968257965	0.0
-3.2451483257123601	-5.3646442890220865	0.0
-0.1570083333747672	-7.0563474352690081	0.0
-2.4623853555946567	-3.4447810862116506	0.0
-1.3253258530417509	-7.2327666014199217	0.0
-1.8080972022667019	-3.8532931028335264	0.0
-2.4303006040885942	-4.3962641073729154	0.0
-2.6665211165085325	-4.9265832047659783	0.0
-2.2956216121489743	-3.1346649658488750	0.0
0.3778079692620812	-4.7330280883062974	0.0
-1.5708763372334447	-3.2313154869490641	0.0
-1.5622820451092185	-1.1604879328460629	0.0
-3.7681980097790184	-7.0463560527676030	0.0
-0.1482427643893332	-3.8331335275118357	0.0
6.8563460185683205	4.1981312022149728	0.0
-2.4199849062764858	-6.7739431324924846	0.0
-3.8867019699552943	-3.2576236140232346	0.0
-0.0152593440213696	-2.1405970493044952	0.0
2.5284224353005169	-5.6953771776560620	0.0
-1.4294670938513998	-4.5903877304093532	0.0
0.1996558291284841	-3.9931551300813712	0.0
-3.8226094354504796	-3.4425343405832987	0.0
-3.8618530057463687	-5.3425376069693629	0.0
-3.5115684237363394	-6.1494853352642336	0.0
-2.9863977533290593	-2.3335389237333493	0.0
3.0757093229890500	-4.2286546131396392	0.0
0.0963404670470940	-6.5258858918346236	0.0
-3.4877370726291930	-5.4378486005531332	0.0
1.2572478370931244	-6.9620279853720231	0.0
-1.2225289712023213	-6.0766980038554728	0.0
0.7774478398256522	-3.1878245353685646	0.0
-0.1728456628863984	-4.5121001783152472	0.0
-0.8384900765650347	-5.3017988373006384	0.0
-1.7916706692751716	-2.0284965955020007	0.0
-1.4186816425469690	-1.5073603990811226	0.0
2.2398237942351789	-3.5800977690970761	0.0
-1.7499516067523815	-1.0282078305609696	0.0
-0.6298249706961427	-5.4774865834110029	0.0
-0.7764505093203908	-4.1549252692127165	0.0
-1.6647749791836606	-5.6520990867645189	0.0
-0.2253508187332611	-5.3966144827684976	0.0
-2.2396366602763211	-1.6093788336755368	0.0
1.0198705335379383	-5.0720845437430366	0.0
1.0534018966990220	-6.1601719622289579	0.0
1.6796716779060243	-3.4288654479352156	0.0
-0.3431248870018273	-3.5145675814650050	0.0
-1.7952117513966368	-4.3054474756627226	0.0
1.9469738158208101	-2.4221347377032232	0.0
-1.7187437960302403	-2.4906823234741959	0.0
-1.5541517160487834	-6.6630257436258322	0.0
0.8653886585375165	-3.9613183286527396	0.0
-3.6567847467007284	-2.7800374099549314	0.0
0.3225441090958792	-2.7927407433066023	0.0
-2.4961676918690414	-1.8547914949473103	0.0
-3.3225076262455415	-4.1654742199612551	0.0
-3.0546125652217064	-2.4362258152681182	0.0
-0.6387389571577585	-2.8595904498956841	0.0
0.3072479665706329	-5.1991611138601028	0.0
-1.1264143416467169	-2.9823441530801706	0.0
-1.6370478181795125	-3.8470723262843194	0.0
2.3460000202479976	-5.4458295232851102	0.0
-2.4037878292148203	-4.5002985173538619	0.0
-1.4076879953182744	-4.7776655436309250	0.0
8.0429923950564621	10.1803384669861750	1.0
9.5114411643027470	8.5148359594630527	1.0
2.8559195404413251	9.1181518178662628	1.0
6.3613542895047166	9.0895986038529006	1.0
7.6914558302880440	8.7407625758698977	1.0
7.3266694063626678	8.4059901556745196	1.0
7.6826628348746713	10.4252417194660563	1.0
8.6732114150454720	11.1392018595418065	1.0
7.3290300105046553	7.6205919396886399	1.0
7.8000723797781815	8.0153860007493059	1.0
4.7923984197753988	8.2394534432214126	1.0
3.8989290184861591	11.4870831944262690	1.0
6.0172520994388741	11.0707206621463659	1.0
4.8065297075337705	7.4144347581773502	1.0
7.3328652345022265	6.3707179860862073	1.0
11.6407810049724194	7.9423880692493629	1.0
6.6118492013382033	10.0365875190356846	1.0
4.8904306415102221	10.8131104481456042	1.0
6.9460285847043064	8.8639124137838117	1.0
8.6216079362593394	7.0198638636755994	1.0
9.7861197817709158	10.9341809620611947	1.0
4.0265091245877134	9.9207272585222164	1.0
-1.1172111110661405	5.6661720505523672	1.0
6.2865437538467912	8.6305724049282357	1.0
6.3116557743647936	5.9717493705108140	1.0
8.9221246045664540	8.7253800400168977	1.0
6.1412840635298984	10.3562487588218808	1.0
2.2772547722525069	7.9309420927242495	1.0
5.3107328955144233	5.5514995905432034	1.0
5.3877634749611758	9.0973182398983035	1.0
7.3698832384346868	6.3814204213955863	1.0
3.8295353180016649	8.0247863703122828	1.0
6.0085705296321343	10.7265588271506793	1.0
7.9984906916174889	9.0271870244669881	1.0
5.0861936915222499	7.8724760282574646	1.0
5.6305214013468179	8.0973562838349551	1.0
6.5396425983211453	7.8962746460734481	1.0
7.6578579697698519	7.5017453247237631	1.0
5.8499198605560769	8.3554911833658405	1.0
8.0417596196500494	9.8107500110972961	1.0
8.7463814833966893	8.5216552566926858	1.0
4.4864286746312025	7.8936044944107975	1.0
5.4989140365469549	10.1103367468344842	1.0
7.3901150281171848	8.5255796071366454	1.0
4.5619926484980668	5.5241640553485007	1.0
4.3847735742465135	8.3717785802769900	1.0
9.1447448554193596	5.6064241157524650	1.0
6.6614285142343066	9.3798385142204328	1.0
7.0302422707621419	12.0367777561445788	1.0
7.0427897304244400	11.1749655461388588	1.0
5.1121325156246309	8.9935628397746186	1.0
3.6723954314589387	10.0767179986030868	1.0
5.8733227354669468	6.4490903170978200	1.0
5.5946568935765306	7.5592005273557978	1.0
3.3044899955683609	6.0188092875058965	1.0
4.9767573149088511	8.5001657726574180	1.0
9.4635533711911375	10.0529477297173901	1.0
4.4150928978965522	8.2884145120301334	1.0
9.9954798967512293	6.5885403528376196	1.0
6.0328162425089200	8.3014386688063269	1.0
4.2530013912955384	7.3623732128796151	1.0
6.5664423748855150	6.9844969233860361	1.0
6.6792923914569320	9.2833535843316444	1.0
7.7442790938306150	6.1309893524440016	1.0
7.1478277982584890	9.3216764499021583	1.0
4.3874320867142487	9.1815963149431763	1.0
6.2968838968828322	12.4935502042359730	1.0
8.1051749902471553	12.0429716576597468	1.0
4.2758654463301600	6.0964579213535846	1.0
5.8597922341592534	4.9958125745291539	1.0
5.8092361368156711	7.3140022651019709	1.0
5.2453645997865390	10.1437190271413655	1.0
6.7678988812903809	7.0483503139236783	1.0
4.0328864775492690	8.8565841211879306	1.0
5.1060638244262968	6.6156891177234733	1.0
6.9916941316761454	11.0337751638608630	1.0
7.4474702264943060	7.8324136811687124	1.0
4.9994388202268478	11.0277870215603055	1.0
6.4863699822183882	9.8250524390490455	1.0
2.4298261012117370	5.4924434901592480	1.0
4.4055293938278455	10.9176459825544026	1.0
5.6381999842844079	9.7314185574802607	1.0
6.6788175847958575	11.1012514679966454	1.0
4.8697796140783423	9.8897151102379048	1.0
9.3959322545292867	9.9210262428435279	1.0
8.8983997851610148	7.8959157464386776	1.0
7.2258376990106497	9.8287979282494131	1.0
4.4962988798496317	9.3125792784916293	1.0
4.6180457568323758	7.8024706794270786	1.0
6.7005620663766390	7.5919761365887366	1.0
7.7622305078695231	10.0373863203579710	1.0
3.8857640713627650	8.8717335813540963	1.0
8.5499513343921283	9.1483687975661301	1.0
8.8178783283817666	7.0991727197011478	1.0
5.3751580201544709	5.3583084994931278	1.0
5.0190649118134463	6.4653421598208984	1.0
3.3711111710830686	8.7646760635029235	1.0
5.8470823218925725	5.8475921305868779	1.0
3.2324410050246128	8.3485074925643588	1.0
10.1382604590366281	9.1564609730333064	1.0
4.1629742994081171	4.2238358025888667	2.0
4.4033348141141557	-0.0377779753957140	2.0
5.2868499031455256	2.8332462797677103	2.0
-5.3283737224608894	-2.6490687512145539	2.0
3.6045906262255474	3.3430936158176396	2.0
2.3266090498976810	2.8061037095273149	2.0
3.0316927118029291	-0.7949067724988104	2.0
5.3995777834726004	0.3717743368359446	2.0
3.1918272697953176	1.3604769612251675	2.0
2.7527457071752020	-1.4505185171455186	2.0
-0.3363166995759184	0.2251061750797072	2.0
1.9402608369646046	-1.0864544771012146	2.0
6.1868465616790074	1.9763150745014044	2.0
1.2087566462876520	2.1518151932388774	2.0
3.9883579879454643	-0.2877158474810526	2.0
2.6042378242196809	-0.2223598203201463	2.0
3.1167926128497898	-0.8947346320386563	2.0
4.4530888074155754	1.7486796198878669	2.0
4.2023745158817860	1.3437162996890839	2.0
4.4687852243916577	-1.7710598119041476	2.0
1.4993709357115732	-0.4987930747754584	2.0
4.9270694878648609	0.6027216467335541	2.0
4.9404768295544592	-0.2923656140498355	2.0
1.6846556333739930	-8.1660658743007435	2.0
0.4974866465975582	0.6662528822520075	2.0
1.8635771343927725	2.2703233121296211	2.0
4.7260062322171281	3.5758242775041631	2.0
0.8266270944651196	-0.2962614987529710	2.0
3.4443547964828181	-3.3587282051803009	2.0
2.6177053550980194	0.3684408560640940	2.0
2.6656754815028707	3.7511009959158090	2.0
5.7011404058125912	1.0617632129833212	2.0
2.6100004690196235	0.7635902455013694	2.0
2.0559860407446977	1.5066982160720594	2.0
4.2159589970542228	2.4588881950975638	2.0
3.3190839973563846	-1.8425819892048456	2.0
2.2255542916785074	0.3927551970912473	2.0
3.4679808574948230	3.1736715196859211	2.0
5.2988441581782570	2.8962717656301580	2.0
2.2409625681231549	1.3479229711864067	2.0
1.4266716309260592	0.8494982683326630	2.0
4.1111787864050688	0.4364091293486276	2.0
3.6350401851036893	-1.1430463846701211	2.0
5.0368746946616918	1.6821359123963768	2.0
2.2293476265042225	-0.9298496475906474	2.0
3.9446161136228608	-0.0464353713474131	2.0
5.2667092448082711	4.3735851563360493	2.0
4.1975899940831516	-2.6032545655236463	2.0
4.4269676994496976	1.8704725476537905	2.0
5.3167812928058353	1.7465470844447233	2.0
1.3132315402677939	3.4370814410999353	2.0
1.6607304370602625	0.4083771595159090	2.0
4.3736391672675445	5.1219871641997230	2.0
2.4929906281804537	4.6001297967260193	2.0
3.4932274299980528	1.5315501265222389	2.0
2.5590375225672917	3.0312617929527197	2.0
5.4453991352284348	1.8551087460589810	2.0
6.1963761460257718	-1.6284698670874629	2.0
0.5592985009455960	0.8333542984596297	2.0
4.5423679663320069	-1.3084749744292259	2.0
0.1185425027057479	1.7712493177858213	2.0
3.2474630282669219	1.2738639017754985	2.0
3.2612320722137169	2.1437269290889995	2.0
2.4372784011577195	2.1810198166393127	2.0
3.5654170720370968	1.1891070485746826	2.0
6.5278319178247379	0.8551983305168459	2.0
3.3909674058234445	1.9656403184605467	2.0
5.7158286504568272	-0.1071079037390068	2.0
-4.7820999094152112	-4.4406768049856016	2.0
2.8051224500807086	2.1865271006113884	2.0
3.3077446866500946	-0.4274890652768114	2.0
5.5928625495990980	-0.9539162616807975	2.0
5.9678676111275717	-1.7282793697442498	2.0
4.3207421737896992	-1.5463853690884097	2.0
3.2153973695819968	0.5771727194890608	2.0
4.1806617007689084	1.2470958846604769	2.0
1.7435685314740705	-0.4666897915317346	2.0
4.0777684852781997	-0.8703240130947258	2.0
4.5841179294317111	0.6376198718211006	2.0
4.9681803906289925	-0.3276101365809700	2.0
-5.1548243849889062	-1.9024919069770263	2.0
1.3996607926053659	3.3686125951228183	2.0
6.3457383205961237	2.8750853157933025	2.0
3.4030606896928557	3.2016926539639403	2.0
3.4377228881817934	-1.1760968629028212	2.0
2.2600343716714342	0.4227501313123246	2.0
3.4818580690616221	0.1139262940941762	2.0
3.0258435368110854	0.2197441686491827	2.0
2.3313748681659123	0.1396411007926215	2.0
2.4109196207688512	1.3365967128167284	2.0
4.6077747479415709	3.1317035281578423	2.0
2.2050539169684717	2.6549117554780328	2.0
3.6839953351374159	0.4363730782548644	2.0
2.7229014699087402	1.1823467413525321	2.0
4.1714723192315217	0.9959048431250964	2.0
4.1462383926566870	1.2417320403296752	2.0
5.0644928337777158	0.9853275804440107	2.0
3.2633201858683036	4.3178214190448339	2.0
1.1915900735842790	1.0507123102499694	2.0
2.8608715353840197	3.7595182976929089	2.0
-3.5423274227387860	10.5422794505142647	3.0
-1.1155820862520520	11.1060934870964232	3.0
-4.6745654178657698	12.1078599494262047	3.0
-1.3664676499880994	9.3247140604478691	3.0
-0.8711651654743935	11.0763765804383816	3.0
-2.6735949275966995	14.1981100479608759	3.0
-3.5783905423869240	11.8711667268907775	3.0
-5.9168722080489999	9.2738096784796173	3.0
-4.7872651431937596	10.3198362486093149	3.0
-3.7103555722533601	9.6163457891867381	3.0
-2.3983853339423380	10.5803525494268875	3.0
-1.6980690743765892	10.2950958833521771	3.0
-4.2633588386272985	9.1636007240080346	3.0
0.3886938998082072	7.8332073613882480	3.0
-2.7005573284949174	11.2113241000968422	3.0
-2.4810817367045450	10.4173767251138543	3.0
-3.5275774840836656	13.5715534365083315	3.0
0.6378405909706312	10.1091399747516189	3.0
-1.9834430053565320	11.6649439923414064	3.0
-0.9938575845898721	11.8260612447158202	3.0
-3.2767042097465122	10.2134687958307140	3.0
-1.8685087635066957	7.8733597153493511	3.0
-1.1552527040022813	13.3177795038847417	3.0
-2.3216012796506491	8.7545765208391320	3.0
-7.8155076270643153	8.5051689909456538	3.0
-2.2744725032982092	9.1144846530764418	3.0
-3.8069731016387967	12.7422563770097597	3.0
-0.4029394823075956	8.4760122506454643	3.0
-5.5177160208582654	12.1309334476386788	3.0
-1.3190894457206499	11.5834309351208020	3.0
-3.1606838786157363	12.6491901996355871	3.0
6.8238743136480506	5.1132273800088743	3.0
-1.7535009975591194	13.1810845657354196	3.0
-2.0567941257325941	12.3255997861727256	3.0
-3.0863952732305546	11.5672076973608249	3.0
-4.4898952883556698	13.0692589113228284	3.0
-4.2125100377909543	14.3559554794354511	3.0
-1.7755161321500252	10.7112323684643158	3.0
-4.8958418298992195	11.1596273924135847	3.0
-3.7955141105444934	13.3306793363658880	3.0
-5.2350082467438881	10.4139638896952675	3.0
-2.4563613757838838	12.8561533354163853	3.0
-2.9094907853559473	8.5978011545262731	3.0
0.6434715398020466	8.9172623020704407	3.0
-1.1602588058017773	13.2254571867502957	3.0
-0.5029866273246718	13.7051114389154236	3.0
-3.2267945989479832	13.1144333600114287	3.0
0.3481358310681880	12.0796617351041071	3.0
1.0603733167674763	11.2974845788342133	3.0
-0.5200099615450493	12.5448291079465069	3.0
-0.7649236192070136	12.3203937736247386	3.0
-1.3897084393201178	10.1394407018952908	3.0
-2.5087343867312932	9.9758715292042925	3.0
0.0832380718431215	11.4771588398441313	3.0
-3.9374732473869036	12.2992289145782294	3.0
-2.4299538506905436	11.5911474759143456	3.0
-1.6895582784159335	14.1125360840291023	3.0
-3.3528508046113199	9.7961129084637690	3.0
-3.4786984766584239	8.6919813761625626	3.0
-0.6169932301130236	9.5669618502232705	3.0
-1.8187733875334158	11.9509912502400688	3.0
-4.9489287168047076	9.5554378596995253	3.0
-4.7487228297940645	13.3181990588298635	3.0
0.2347183890719992	10.8477996601554683	3.0
-3.4635524779435931	13.5932604232923513	3.0
-4.0951742516685865	11.0613678716233785	3.0
-2.8650190010842689	10.6547878893615948	3.0
-3.6529039437742372	8.1289316639949440	3.0
-3.4348825335799562	9.5897764102551903	3.0
-4.9331351790350553	8.2472469954365142	3.0
-4.8424215435476592	13.5620143745274717	3.0
-1.9341247937918349	8.9271503310209113	3.0
-1.5520893531356559	8.3206295405529378	3.0
-4.2314377508144849	10.0718534530788855	3.0
-1.9737494579527821	9.0558337871570558	3.0
-5.9746908168144426	10.7060687758140887	3.0
13.0365520086006406	-5.4816875455483700	3.0
-0.9861850310180683	9.9398094619008752	3.0
-2.1200221570653888	11.4704250900458771	3.0
-5.0573729150455664	12.4181164702643763	3.0
-5.0232205934283991	11.1497642178556067	3.0
0.4726773476391880	13.0330976458920222	3.0
-2.9264985723999204	11.7202336753525600	3.0
-1.8698713053292078	10.4203846730949525	3.0
-2.8985783697751462	12.1113619722840511	3.0
-1.1666344441874184	13.8648349578990722	3.0
-2.4067344303690055	13.4150118518260193	3.0
-0.9185615062886316	11.4902239737474066	3.0
-4.2003961206213365	11.1842400016815553	3.0
-3.2659238053977444	8.8336848903395531	3.0
-3.8947705113217754	12.1962617437176153	3.0
-8.6278057485697310	-0.9321216039777187	3.0
-0.2692080253036810	10.1647057703319028	3.0
-3.3562777714520413	10.8736005014710919	3.0
0.6302109575957704	10.2244063991738923	3.0
-3.1462522485794810	9.6501901063063826	3.0
-4.2961563860700140	9.9907020004053049	3.0
-5.7703023019986981	11.7971004258146852	3.0
-2.1339287091299153	12.2514505568046363	3.0
-4.5409576308906381	11.0377673330180688	3.0
-2.2484250961902670	-12.2824893902759005	4.0
-3.1233653990406665	-11.8942082593495311	4.0
-1.0152645605672033	-14.2561118188277494	4.0
0.9977577367766207	-9.6582111996648816	4.0
-3.0519152767905764	-12.9293057085096965	4.0
-1.9901685152028870	-13.7996302274650731	4.0
-2.2034592907505197	-9.1487663499787359	4.0
2.2819851044691375	-11.1460259454780068	4.0
-2.0781982031956376	-11.5186744927451929	4.0
-0.4732164286424237	-13.3949858899216920	4.0
-0.8476311412194378	-9.0012928794657512	4.0
-2.8714471864301627	-15.1997568317628478	4.0
-1.1283810073388902	-12.2496306246211155	4.0
-3.6506105830140876	-9.2981090001838478	4.0
-2.8239470843375019	-11.8836502757636762	4.0
-5.3671623930713608	-11.7893426453037851	4.0
0.9444030117956776	-9.4254911037896001	4.0
-1.2946383448202254	-12.0016987718363985	4.0
-2.5904349085919236	-14.2204500872135355	4.0
2.4324577967135252	-12.2287561903182596	4.0
0.2253560470415875	-12.2696711290919538	4.0
-0.0561227632404560	-10.9745696728993494	4.0
-3.4299569074975920	-9.9071115215244898	4.0
-2.7230135358433483	-10.3296008260697381	4.0
1.2405165149077257	-13.2169777501759942	4.0
-2.3008080924396661	-11.0353192919676903	4.0
-0.7837280248229811	-10.8771367427942138	4.0
-2.2233219553790797	-13.8337919986471967	4.0
-2.0461921490692565	-13.2346027612021349	4.0
-3.4931950908633160	-12.8218795645194277	4.0
1.6642890052917398	-8.6671471792266619	4.0
-1.3017969475573847	-11.6685907302758256	4.0
0.8752757839593772	-12.1312815071612583	4.0
-1.5914261787626325	-11.0650952419605328	4.0
-2.2314283235507033	-10.7975728289618953	4.0
-2.2924830347892371	-12.4656167615152693	4.0
3.1964333870144910	-8.8636495234590029	4.0
0.6320334033309241	-10.5656706550721307	4.0
-1.0770710108176644	-11.1198139063705330	4.0
1.4138926179317466	-11.2608293312842953	4.0
-1.2798913843889985	-9.7656179395552805	4.0
-0.8226454973731270	-9.9438654059454041	4.0
0.0165418591968158	-14.4030711097245927	4.0
0.1808997939083732	-12.7819076538101832	4.0
-1.3562127466123957	-11.2533262976360415	4.0
-0.2487158971547039	-9.6541636981882775	4.0
-1.3211773196575760	-13.5871080877494688	4.0
-1.9680526479281186	-12.6979109399598631	4.0
-1.9558112044235685	-9.1912252091416473	4.0
-3.0757752627653305	-10.6277571634122854	4.0
-2.5322139516785858	-9.5935723888223645	4.0
-0.4337020155318116	-9.7121901678000384	4.0
-0.9787733417857719	-11.7759680966453324	4.0
-0.4439826838488392	-12.8243998053389792	4.0
1.0898800936669544	-10.2953804162686762	4.0
-0.0801055942605055	-10.9601799931162525	4.0
-1.3410087188154902	-10.1208521335533597	4.0
-1.4482046525393402	-10.9962003733549363	4.0
0.7412880484810889	-13.6680275778625919	4.0
-3.0923207781542459	-11.0975890678759885	4.0
-0.2929185646979675	-13.7708740133677772	4.0
1.6791170012048815	-12.4840552458192597	4.0
-3.4982773911691574	-11.0765732594574580	4.0
-0.6117951429153524	-11.7838222806247312	4.0
-4.2335655495532283	-10.5720854223261451	4.0
-1.0583802807928318	-14.8961531639568516	4.0
-2.0697728392293993	-13.8438294693433583	4.0
-1.2609511901173081	-9.3744111488332731	4.0
0.0854447791906605	-11.4824839412037605	4.0
-5.6755762239027412	-10.2044506074717862	4.0
1.1314782844374742	-12.1241464258775959	4.0
-1.8713931296419208	-14.7625275042739617	4.0
0.3367254753742877	-12.4367677119258850	4.0
-0.1666408415264971	-12.6218414349657362	4.0
2.0921086490141683	-13.4958004724442215	4.0
-2.2362697793011477	-8.7728017631151971	4.0
-4.2592161678741114	-11.9005518485372814	4.0
-1.4487047792666401	-15.0212692935077268	4.0
-3.9122487987190211	-13.6919994101420066	4.0
-0.4071303400925558	-10.0074599582393553	4.0
-1.8888267615525092	-12.2008025902556128	4.0
-3.5786757410419008	-8.4885606744191531	4.0
1.2986448396460932	-11.9957695873688763	4.0
-4.7810582284955458	-13.6149811299790109	4.0
3.8429594465631709	-12.4411226572876537	4.0
0.4585301340357519	-11.2162384179737877	4.0
0.7238509266149349	-14.4788146789707124	4.0
-0.3344075370502186	-10.3858899275340182	4.0
-1.8325942523750840	-6.0425477807883379	4.0
1.5660142048707228	-14.7324195077956421	4.0
-0.4141107967091758	-11.7821731830901975	4.0
-2.0026432019893758	-9.7839655421859906	4.0
-0.1100179804167912	-13.3923975529674415	4.0
1.5636581780165089	-11.1465171329809571	4.0
-0.5085387642907060	-12.8483343745727563	4.0
2.2293949066709562	-13.4823759053126793	4.0
-2.6869297698473087	-11.1154300189298585	4.0
-4.3898219242260392	-13.5932044486346459	4.0
-1.2582352035950073	-12.4058384710132348	4.0
-2.8887438973347783	-13.8130119514782272	4.0
-11.7971653957458766	4.2892734673350317	5.0
-9.4162379976024724	6.1944228949524947	5.0
-4.3971302455004047	-5.5680201658437323	5.0
-6.4994668556592901	0.7998850926029029	5.0
-8.6469064324302085	2.3826028247936359	5.0
-12.0877813083879335	4.5585890942752441	5.0
6.0338822655727169	13.0061368964280000	5.0
-9.2803154743277236	3.4688079400766507	5.0
-13.9128959166050095	3.0660462367110073	5.0
-10.7385493407868093	3.8931622792418019	5.0
-12.6884895672893965	0.6406270877107557	5.0
-8.9974357798767830	0.5214376071886818	5.0
-10.1254476855824151	4.1989467690731512	5.0
-12.1205020181172447	6.5446372518223432	5.0
-13.8794742442305381	4.1048356327376929	5.0
-11.8395708136518678	0.5747300251245502	5.0
-8.1098242614711928	3.1004765298710275	5.0
-10.2908725620238197	5.1414579311928490	5.0
-10.3977545480544098	1.6188823229982192	5.0
-11.4812257863934963	3.5794907264745044	5.0
-12.6032116233436255	5.5363655435058261	5.0
-14.2039390841072439	1.4203686685248111	5.0
-13.3595626556352887	4.4902349900231799	5.0
-8.9574209075352531	3.5668870714512946	5.0
-11.9110787249473500	2.8066935602487910	5.0
-10.3164284040443928	3.4356185406984943	5.0
-10.7639234971170321	6.2271397658525247	5.0
-13.2634685880450647	3.1594043563009255	5.0
-11.9127945938361712	1.9136757701002409	5.0
-10.8015256893075158	1.1945496230529349	5.0
-13.3454571691574451	4.0010711579666252	5.0
-10.7820509822301958	0.9744017587404165	5.0
-11.2027691948166908	6.2179216409207356	5.0
-12.9429378816982172	1.9987969439316613	5.0
-7.9348236809848762	0.9673739361136537	5.0
0.4563762039723439	5.4392982352930996	5.0
-10.3845458830405164	2.1460552290521764	5.0
-12.9459988447665495	5.5316410603565931	5.0
-8.6219319641953707	2.3883361752069012	5.0
-12.5065682536193812	3.8184454532558152	5.0
-10.3924933118035128	3.9650218031621525	5.0
-10.7996336926476051	7.5485845756005006	5.0
-3.9025417222692713	-8.2331303133116052	5.0
-10.0375922615464432	4.2969550264318670	5.0
-12.8391946261795837	4.0721749371795930	5.0
0.3736639535985988	5.5834980683521094	5.0
-11.6036976309088118	2.3400394145624457	5.0
-11.4083947932545620	2.4968995008063302	5.0
-9.6202713463974803	4.5295349735122921	5.0
-9.7226055049442817	4.0989971702471246	5.0
-10.2979498043544044	5.7378797519915690	5.0
-11.3745413972419485	5.1253106222629290	5.0
-11.8065642136546902	3.6131876833152790	5.0
-14.2417743553222724	5.6874270518427279	5.0
-9.3570331149945130	3.2868313131017541	5.0
-11.7859489603190113	3.3583572420746974	5.0
-10.9236512299175974	3.8935095402069844	5.0
-12.6735407383563352	2.2289095212050638	5.0
-10.0949079664626389	2.9102526770763268	5.0
-10.1221315909103708	1.4961941065426116	5.0
-10.8075996544570607	7.6184202591281460	5.0
-11.6096464508267765	5.0229198568856903	5.0
-9.5899939481102994	3.4504878829309131	5.0
-10.0869214632529030	6.5703461438922925	5.0
-13.9974378690154584	2.8061917897898643	5.0
-13.1224593253184647	0.1635006654061575	5.0
-10.5930480308952326	2.7045436306682200	5.0
-12.3563481471491290	2.4479523024271783	5.0
-9.3795667255000605	2.3171481423187430	5.0
-9.1003182118581645	5.5566622905946952	5.0
-8.0710246728761508	5.6445930046137658	5.0
-15.1823530137194798	4.6147589264210618	5.0
-10.2414472852052079	3.1036756146191760	5.0
-13.1636888264913061	3.2050409524530958	5.0
-14.5422690076540224	2.9621445562708031	5.0
-12.1318680384925024	4.6992749557172901	5.0
-11.9105541177152077	1.6774986552426612	5.0
-11.1473389190336789	5.5320607893328297	5.0
-11.4785365972746565	4.0970546529973637	5.0
-11.2739462300569233	2.3930103434848236	5.0
-11.3341450177450032	4.3818158363907074	5.0
-10.6086661492270622	-0.3620347781545520	5.0
-12.0713999775634715	5.1842162023226077	5.0
-11.6940270814414866	1.6144577066497410	5.0
-11.0691266909608430	4.6217727260681407	5.0
-9.6236627045922223	0.0890766473495466	5.0
-13.0526137167269223	-0.9883238508173289	5.0
-12.4663743623141237	2.5162235510692299	5.0
-10.0811880607552649	1.2907205189143149	5.0
-12.3466056871451570	3.4478974589686153	5.0
-14.4075593712661369	-0.1279829497562048	5.0
-13.0692420065775305	6.6442946421401707	5.0
-11.4435123704454309	2.7533867232843590	5.0
-11.5856824632660071	-0.0805202785153009	5.0
-12.2462093776091727	7.6560973302946991	5.0
-13.0860651909349723	4.8219663613188937	5.0
-11.4785867123288376	3.7409602050891273	5.0
-8.7144388586595145	4.6243428557483384	5.0
-13.1883880787523946	1.6044576406170441	5.0
-8.9264496207553243	1.5121244396001428	5.0
3.6087837377165650	-8.3922316429819936	6.0
8.2317292716662802	-8.4503962912817769	6.0
6.7983931699291134	-5.9439810846434273	6.0
5.0167185195932378	-8.1003682251721489	6.0
4.7665149892980292	-5.3040431533820369	6.0
6.9601428327386579	-2.7531705169228657	6.0
7.8662818835919976	-8.2631043347618949	6.0
4.9397908884792470	-4.5424525214906302	6.0
8.1696763841752933	-7.6140812231445683	6.0
6.8481868560744097	-6.7587727747070900	6.0
7.7978272979297758	-7.1896904427195896	6.0
4.6086505180962538	-3.0625170066390819	6.0
7.6278416832126439	-5.3420453497861917	6.0
8.1836029340090803	-4.1516923654543261	6.0
8.4894184170307838	-9.6299082667021914	6.0
4.4032385359013446	-6.9215806242159124	6.0
8.6527565343143120	-4.8039857090555280	6.0
8.3065744149051035	-6.8072131547862975	6.0
6.4220950616149217	-3.3145494915799461	6.0
6.5289574040743732	-3.8799538354947627	6.0
6.2322625700262249	-5.2745907426191447	6.0
7.6842216305832638	-7.9766518186885023	6.0
8.8438241246112348	-6.6934895682734759	6.0
9.0445000961284112	-6.7720279806078896	6.0
7.7417462180979308	-3.8503051627721496	6.0
7.4416285523113217	-3.9337549569666170	6.0
7.8693332771481526	3.8492725421366232	6.0
6.8277667717384709	-5.6293928779895852	6.0
5.9377853219748893	-5.4237067159950616	6.0
4.8383557026752992	-6.1273207613951497	6.0
5.9392294151786533	-5.7049455786508547	6.0
6.7394791877720550	-6.7028653664110438	6.0
7.4271174629993055	-5.5718202512323121	6.0
6.9518610339852520	-6.9231439841080320	6.0
9.2183458256574742	-9.1162888365296482	6.0
6.2292607866875969	-6.4009010011851899	6.0
8.1423385770926657	-8.2609556328981473	6.0
7.2413074287850954	-4.6333827752285615	6.0
7.0363744007238385	-8.2822844165124963	6.0
6.1668097729693638	-4.9118109808813548	6.0
9.7506481736244410	-7.1749017146458405	6.0
6.1531204512150142	-7.3648154150738501	6.0
8.9108260423347527	-7.3482317651404552	6.0
10.6788727601089413	-6.6789604874965862	6.0
10.1695380860334659	-5.6598491010698240	6.0
6.2026827986860962	-7.4421168449491635	6.0
7.6595544973928211	-6.5235109955639885	6.0
6.5180830444937179	-8.0392632555680432	6.0
7.7179120093516529	-7.1898425485689881	6.0
5.7602121076237287	-5.2865996671584083	6.0
8.5640537392619809	-5.3289248783289143	6.0
7.1618861232182871	-5.8098221464050077	6.0
5.2218531850034298	-7.2760180770990042	6.0
8.9294110733303569	-9.4097636436651531	6.0
10.4497414139680149	-7.4334210832458254	6.0
4.2793669373028571	-6.8867988221019480	6.0
6.6874026540525557	-5.1953427626891076	6.0
5.1244664900726908	-6.7487948077392907	6.0
8.4915589483014955	-5.2279130444503306	6.0
7.4310776773338354	-9.4659130406623753	6.0
7.0234578390987457	-7.9576017359290265	6.0
8.5808175437313228	-8.1337505298209472	6.0
7.3274045071112752	-3.9555246060311648	6.0
10.3149187092049992	-7.4274965688373955	6.0
5.8988197707329881	-4.6581861907133293	6.0
6.5490176873276704	-6.1615400967622538	6.0
5.9254104009572268	-4.3894011824825130	6.0
6.3868484071795333	-8.1918936664420130	6.0
1.8875346625784315	6.3902879050143095	6.0
6.7029859466749313	-10.4228026996818173	6.0
5.2737609970063071	-6.3292573001976287	6.0
8.8989566725340694	-6.6104230826353376	6.0
5.8495009230863895	-6.4934081719615513	6.0
3.9046149902389433	-8.2085371922728374	6.0
5.1286477056728250	-4.7485155923262434	6.0
8.9806948150858297	-5.8355472819719418	6.0
6.0611564993728440	-6.7671460003358206	6.0
7.9111485826416166	-6.2580409300222124	6.0
7.1983270969604654	-9.3293354785807701	6.0
6.2463732344304645	-9.5460967601186013	6.0
7.3201136540528546	-7.0267759696939125	6.0
7.3698285406247521	-5.1684321880795343	6.0
5.2530131431248268	-8.5661129751894300	6.0
5.1960828210133334	-8.8236097567224583	6.0
9.7101450442269091	-9.0197223591524907	6.0
2.8811919607806398	7.0770592214067358	6.0
9.4981145580177895	-5.0040204663993935	6.0
6.9665641390252970	-5.1992846247069080	6.0
8.9734761289447906	-7.6299682140896294	6.0
8.1998385440616754	-6.2143266903274235	6.0
6.7823341185228880	-7.9637830647262309	6.0
7.5791856585642874	-10.5586255626622627	6.0
9.7122888892916297	-5.3838986134991238	6.0
9.4152692122245263	-7.8534540884658313	6.0
8.0771927544101008	-2.9081674373544004	6.0
5.7448189995991461	-4.4390513415658610	6.0
0.9274369469936317	6.7674021040195491	6.0
-8.2181954197935614	6.9908700592404545	6.0
5.4426367191056810	-6.5817563771350622	6.0
5.9433309870567825	-9.2823884561091301	6.0
13.5797877516535976	1.4303005912625828	7.0
12.1114600311110934	-0.8565156420106043	7.0
10.8778492202874073	0.3243080288973028	7.0
11.1513035324397514	-3.3157695516933132	7.0
10.7431239310540434	4.4053081985567939	7.0
15.0134501520694617	-2.1913376017924096	7.0
9.0416355546362368	0.9863636066550004	7.0
15.4389989768276763	0.4399294333078593	7.0
11.7928917528310340	0.8011877005852029	7.0
13.4725241291861231	-0.0497431359363369	7.0
11.0610327440802045	-2.3447433509179185	7.0
11.0224274819942778	-0.7243135894322081	7.0
13.9744529517729585	1.1767663039226417	7.0
11.0763480045221563	1.9487732788895571	7.0
9.9095551212943320	-0.8254828827773951	7.0
13.2055225490804755	-1.5114591723560573	7.0
12.6206142165450235	-0.6509626080296894	7.0
10.2598100086513995	-1.7846594896107526	7.0
8.2984035094549871	-1.2279813964648791	7.0
12.3286778392270531	-0.7644066608417400	7.0
12.5392225627603953	1.8923508368650714	7.0
8.5161860093875212	0.6563028150407170	7.0
12.8004059280659810	0.0038609355309676	7.0
9.7436708766637903	1.3868435962494012	7.0
11.6507840674144685	2.4403698143790917	7.0
13.0911720623894112	-0.4517545360488615	7.0
12.1836250956025154	3.0650812488354355	7.0
9.8040287719815691	-3.7749565145378314	7.0
12.3524568166304700	2.1941119834810037	7.0
11.1601231373546206	0.7281205241801634	7.0
11.7461463888691640	-1.5724007200920473	7.0
11.0347324799263831	-0.2724146310988236	7.0
10.3105725332195934	0.1724506395351064	7.0
11.0526919588661645	0.5360677609372687	7.0
10.5123102611564221	1.5165732057970553	7.0
11.9862140173991296	4.4037891646158682	7.0
12.6772436463727640	0.7381332196228384	7.0
9.7174267029984698	0.7567377344453265	7.0
10.1685240864217068	1.8833825594143496	7.0
9.4735660733348670	-1.3976964891102781	7.0
7.8818378073619275	2.0107462486355523	7.0
9.4150156794448314	4.2069897987234732	7.0
7.0644185851792640	-0.1096484851188214	7.0
9.9938146830193979	0.6260414276911499	7.0
11.4832526165190121	-0.4872450481366404	7.0
9.1739985494871767	0.1974309471575909	7.0
6.6175202123776078	-0.6331200002050952	7.0
8.4926897820946206	-2.0488553002298846	7.0
11.2506742911053053	-1.3265253587725589	7.0
11.6227872491782858	3.2326619676411417	7.0
11.2212007686603332	1.0948842910340262	7.0
11.0528165173899708	2.6061633670837669	7.0
12.9199767073820571	2.1165167528842042	7.0
12.8509592525653851	-2.3116339568862063	7.0
13.1876395184456250	-0.7710718606786524	7.0
12.3843655673268991	2.2024964531774862	7.0
10.1434511905452478	-0.8217247576553003	7.0
9.9937821492889363	-0.8658969017939654	7.0
13.3315633353778793	0.7999948469270904	7.0
10.6846541419993084	1.5780350935154330	7.0
12.0534248866838691	1.1765678169159020	7.0
8.5117167245814898	-1.1522089241873541	7.0
13.2484009780054741	2.4865321401369345	7.0
12.3971397213994017	-3.3337196357905552	7.0
14.9005091380496300	0.5792188632381809	7.0
-0.6277870548183283	-8.5157831510069339	7.0
7.8187805915648383	0.3151920326795761	7.0
9.8457899900620216	1.4697986307613564	7.0
9.4048699317128044	-1.2645918751127445	7.0
9.7213781533080983	-0.0566506808307241	7.0
8.8125408835421020	-0.3660090926895817	7.0
11.1003300565432212	-0.2879414929767727	7.0
3.1942252693048205	13.1544667458428961	7.0
9.2959254952763750	-1.2212356673047839	7.0
11.7702372148954204	0.4383724910485916	7.0
9.2076586229088964	1.5362183459110803	7.0
2.8545557415574114	-10.9847819015649897	7.0
7.7779116691885921	1.8279376305766144	7.0
11.3430089189861718	2.1621834881631812	7.0
12.0262121170909424	-0.3944009036731644	7.0
10.9960047820771827	-1.1883580883722724	7.0
14.8580526909179085	-2.1808207735543670	7.0
12.9568861521385443	4.1445520272149645	7.0
12.7291248475672294	2.7965547406059978	7.0
9.1784108346944677	-0.6258820133204627	7.0
12.1072227036422024	1.0334823560746123	7.0
10.3659836581152707	3.7785904786026117	7.0
9.6945029722285376	2.8720890537321733	7.0
9.8250492303010830	0.3733935955622798	7.0
10.2311758804421942	2.2902387176948915	7.0
11.1110877802246808	-1.7255325417008989	7.0
9.7144868729153906	1.4201763905563760	7.0
8.4625782062237533	0.5646878669934235	7.0
12.4333152597541048	2.4769104874881958	7.0
8.3539937901004375	0.4000843837945305	7.0
10.8668526058568720	0.1994381061960943	7.0
12.1616991325979598	-2.1237919707470390	7.0
14.1566877921351892	-0.5688256642316840	7.0
13.9521500153996776	2.4251168444544522	7.0
9.2264412144286680	2.0978316757743443	7.0
-3.3629659581704194	3.0317136485507237	8.0
-1.8176834835999958	5.2315071382070331	8.0
-4.1338546554541225	3.5126965899225806	8.0
-2.0204794842948592	3.5694563841033746	8.0
-6.4333970251566610	4.0741546345421193	8.0
-6.8244940767687661	2.0583575460368002	8.0
-3.7981604953664401	3.2368360920574104	8.0
-4.6380128655088519	-0.8750626094460142	8.0
-2.6996553671997296	4.5094714535913170	8.0
-4.7876205229947502	1.8164575317032272	8.0
-5.7362917008092849	1.1993231450775577	8.0
-4.5203848505138060	2.7909717804049570	8.0
-3.4504899198197920	1.0388154799441982	8.0
-5.3814993163110802	1.4250006204914396	8.0
-5.3493389902757817	2.7684199065620261	8.0
-4.7664380166217910	5.1581287693192275	8.0
-4.6123861376209696	6.4277039968676331	8.0
-4.0443236032701639	1.4383003830659820	8.0
-4.7796604729395780	2.5291583763344425	8.0
-3.7721187016225977	3.2921340141997866	8.0
-4.3403960280116411	2.2222614212036276	8.0
-4.3687781594479507	4.1696947484323816	8.0
-2.5366421670495738	2.0646768767261134	8.0
-4.5936789603509895	4.8517342334762494	8.0
-5.6241699040608557	4.1076575372621908	8.0
-6.2577659231128075	-0.5587824843693112	8.0
-3.9648089774729502	0.5038301649985223	8.0
-3.9375842340188680	5.3730677572760150	8.0
-5.5267266668254535	5.1774615126874366	8.0
-2.3210903562856489	4.6339427101292339	8.0
-1.7675754121290299	3.7714805862699428	8.0
-1.0439379999562295	4.5090238659184703	8.0
-2.2167606643753186	3.1135236822106971	8.0
-3.6226707201204427	2.2520069605048771	8.0
-5.7928013735920141	3.2865723936141551	8.0
-4.0121860248460797	3.7997767142258381	8.0
-5.3378898866455717	1.8264423298944064	8.0
-2.4538013784835200	3.2954916802918497	8.0
-3.5826282601240611	4.1719337583536671	8.0
-3.1504548058570987	5.9308557506681021	8.0
-0.5404130618422035	1.6606360433947787	8.0
-2.8868871766357098	0.5698346246238125	8.0
-3.3135355831443802	3.2413199889771263	8.0
-14.5268549437412631	6.1718015561914630	8.0
-0.0415402138108238	4.0778888882983120	8.0
-5.7659985074584137	5.3028565394169327	8.0
-4.4931220786063566	4.3848806130011440	8.0
-2.6643841050597037	3.5831630578736302	8.0
-4.1663533293830763	5.1591610377264656	8.0
-3.0903345515034726	4.3037109935564093	8.0
-1.4503059201476893	2.8765110845571011	8.0
-1.8450703534455368	6.1775670073944156	8.0
-6.7246917291311537	4.3935502376847300	8.0
3.3205223205950278	-9.7605705752493730	8.0
-4.5885353061189136	0.0762628041311177	8.0
-4.0267496933899558	3.1393779006770561	8.0
-3.3605071372054720	4.6394201063636276	8.0
-2.1054328433226752	1.6250517011595482	8.0
-3.0705400161245242	3.7284884232338995	8.0
-1.6871882169464874	3.6631179112436172	8.0
-5.4828077740754466	0.1242012552418388	8.0
-2.8084990103225742	2.8061879860008574	8.0
-5.0717665893747688	2.8393583453253863	8.0
-4.4586435174119927	2.1268576421263279	8.0
-6.9930529594863620	0.0640747822070788	8.0
-6.4261356838170762	2.2642605478314586	8.0
-1.2375445759886405	2.6798826570316319	8.0
-4.6603931498387938	2.6712974016649436	8.0
-2.8779633412170531	1.1456714814476685	8.0
-4.4661809235294463	5.0401882410038947	8.0
-2.7575803767836615	2.2795544235607492	8.0
-3.4238264747710430	1.5429904809545867	8.0
-3.6564004648213002	3.9961135436102371	8.0
-5.9900428602429772	6.3785681780055903	8.0
-6.7497835889549593	3.0577087122776878	8.0
-1.2353934296587312	3.4015742314588091	8.0
-2.5842431103451577	1.8539289040396869	8.0
-1.4936284894197958	2.1936856238412905	8.0
-1.8495513646248098	4.1997051450492568	8.0
-5.5778336566993998	3.7720714315732518	8.0
-4.4492951294906806	1.2215359489085857	8.0
-5.0479910189608175	4.2751969316649783	8.0
-3.5378567679266295	2.3757511514114102	8.0
-6.2135669766906965	2.1901899895620764	8.0
-5.1658666691397359	3.5390452695327239	8.0
-5.5898408203701990	1.1561524572517654	8.0
-4.5655743802540174	0.7584516404121543	8.0
-2.8155670989111532	5.3104501759656317	8.0
-3.8988123177281335	2.4217827828937448	8.0
-3.7071610256802803	3.4160936876899703	8.0
-1.1839013984930689	3.6969083800374376	8.0
-6.0595367881582822	5.5130145313580234	8.0
7.9460703068371421	4.8700419815001537	8.0
-4.4627755508031290	3.5897395774052550	8.0
-5.0339293186044989	3.5079444077852169	8.0
-1.7779129650198955	1.0879137344934819	8.0
-7.3216673907932357	0.7080861068242742	8.0
-3.3673559517164109	-0.4085293051638968	8.0
-2.5866109932538004	5.2459441305632604	8.0
13.1693775968650097	-7.7541147389079184	8.0
9.2617957247605958	-3.0865463478975261	9.0
-6.2327546140097381	-7.5593004563611190	9.0
-10.3784536840821211	-7.3117760574000474	9.0
-6.6300523023757538	-3.7414291926373293	9.0
-6.4136725450329308	-5.9791285835185350	9.0
-6.8849439487749002	-3.7262767193110493	9.0
-10.6010232399627515	-8.7867275015767436	9.0
-7.3288694631418281	-3.5761173449264825	9.0
-9.6183958727457437	-5.0066382851848239	9.0
-8.9636136371510506	-5.1029500588368508	9.0
-10.4243032031625535	-4.2762904345197308	9.0
-10.1860898377348761	-5.9663831245210801	9.0
-12.2862926602910623	-5.9139240788104281	9.0
-7.3094333950940644	-4.8175997253629710	9.0
-5.7337839830529393	-6.4447210025440711	9.0
-8.1173265239716859	-5.9100820842304360	9.0
-9.4063596075636298	-8.3508299019922578	9.0
-12.9483842015222379	-5.0889072030210576	9.0
-8.5348222591998777	-2.0662769688333431	9.0
-9.6808381745114236	-7.2626044406015229	9.0
-7.6663610195096119	-4.8587149513795156	9.0
-9.3454123034927168	-6.0785853068993907	9.0
-9.8136579267928941	-8.2389012733759923	9.0
-9.7344020803638198	-4.4734944194117423	9.0
-8.5620266961981368	-5.3231761272571116	9.0
-6.7529379806715282	-6.0642310536852415	9.0
-7.1224142090555622	-8.7794563290707401	9.0
-9.4529892507237623	-7.2984025750471444	9.0
-6.2200284111015884	-6.3214126760886487	9.0
-10.0011142870222631	-3.4083313022595019	9.0
-10.2445505160464450	-4.8115874765230737	9.0
-7.3171319659299474	-8.2769829454198689	9.0
-9.3536715287988592	-5.7826717907309941	9.0
-6.6605067087876169	-3.9750914518099205	9.0
-9.1686412084291398	-5.0335771955750204	9.0
-5.9381995453415355	-3.0330962501573513	9.0
-9.5647318446959826	-5.1918425742069640	9.0
-6.1670092563354304	-4.8587568842885798	9.0
-9.2274314680293035	-7.0841701359270708	9.0
-10.7550072904914948	-6.1963534025890139	9.0
-7.1900317820810384	-2.5755769573305334	9.0
-11.3397939986663694	-6.2148807175728393	9.0
-8.1772936162752821	-6.5545701777654788	9.0
-11.6208937271066830	-2.0532883248022924	9.0
-9.8470761132401989	-4.0129175580175334	9.0
-11.8059560144810902	-6.5290266578142573	9.0
-8.8137378266605069	-6.8738968897556463	9.0
-9.2540318922870544	-3.3260572588443167	9.0
-10.4529922278234295	-6.1803417034192343	9.0
-11.7716350440333475	-3.3055966101937684	9.0
-6.2492161140973437	-5.5428422811169336	9.0
-12.1789428502900563	-4.2556735065903322	9.0
-8.0273195206162740	-2.3598080147637726	9.0
-10.1040653524210491	-3.0033693322146506	9.0
-11.1659446675072278	-5.0771224618545041	9.0
6.0617941748706343	-13.3190591366212221	9.0
-7.7344738346824693	-5.0790371113716981	9.0
-7.0888034329955527	-7.3608103745074729	9.0
-5.8363531424802053	-3.5424255189904210	9.0
-9.1870286586974750	-4.7415083734248498	9.0
-6.9341383624872241	-3.6445048904393245	9.0
-9.2074802586329447	-4.8241186253999802	9.0
-8.7398408628146225	-6.5741544561740035	9.0
-7.1220802955006839	-4.7438942350438591	9.0
-7.1765225712427521	-8.4169317761555700	9.0
-6.4014855163870186	-2.0078923453113799	9.0
-10.8471105377337764	-6.0989257673009893	9.0
-7.2576905927837254	-2.6674298108390140	9.0
-7.9560135654646018	-7.4533125437357617	9.0
-7.6291156310368251	-5.4469968081579436	9.0
-10.2682033520495803	-8.4599003283365413	9.0
-6.1135653344620930	-4.1437001944936336	9.0
-10.2695102166607040	-2.8106631550085752	9.0
-9.5853565269728307	0.1513032307036410	9.0
-7.4509019886046017	-6.4902850244825805	9.0
-7.5795448169901771	-6.5645056309963330	9.0
-7.1062843003592242	-5.1971961474673964	9.0
-8.9300029411385964	-3.9762789488756862	9.0
-8.1223800510350213	-3.0198195521189484	9.0
-9.4043811326636408	-3.4312667067777620	9.0
-6.9164832043605884	-2.7548295524497131	9.0
-8.9215239743520858	-4.4672721135621440	9.0
-10.8822889981715658	-4.3468271988163929	9.0
-8.1775617720953964	-3.4805156391463887	9.0
-10.5143143501448755	-4.8796780144790475	9.0
-11.2939312029036785	-5.7034732518958879	9.0
1.4711661279178485	4.7096653855627801	9.0
-7.4401620661988295	-1.9140356411077861	9.0
-10.4419660382546269	-4.9017291899972966	9.0
-6.6843712869386884	-4.0397229466716773	9.0
-8.5640031301047621	-3.6251600417881478	9.0
-9.0284265162120256	-2.7648601067035967	9.0
-11.9114852983365633	-8.0049108517939853	9.0
-8.2661313177670639	-7.7226766939480465	9.0
-8.6992019378106828	-8.9682952195405541	9.0
-7.9387907052220825	-4.5010219863815468	9.0
-8.9011441499715804	-6.0291034917366755	9.0
-9.3993076268139308	-6.5914402953760316	9.0
-7.5649475124763708	-6.2154679400424833	9.0
-7.7936346870293516	-4.5574574477924079	9.0
