0.5294259786605835	6.4059176445007324	0.0
2.4617493152618408	6.6254615783691406	0.0
3.2937262058258057	5.9838552474975586	0.0
2.0957202911376953	6.9694142341613770	0.0
2.5600645542144775	5.0824465751647949	0.0
5.1168723106384277	5.4149622917175293	0.0
1.1927595138549805	4.3254022598266602	0.0
3.3578190803527832	6.1683473587036133	0.0
0.7629949450492859	6.6568512916564941	0.0
2.6027135848999023	2.8171045780181885	0.0
4.7943115234375000	4.6254596710205078	0.0
2.6105146408081055	4.1700720787048340	0.0
1.9148789644241333	4.8594141006469727	0.0
1.7129690647125244	4.6454653739929199	0.0
5.2974429130554199	7.3049316406250000	0.0
4.3900947570800781	5.3956131935119629	0.0
2.1895937919616699	1.7592055797576904	0.0
3.5479221343994141	6.1245965957641602	0.0
3.2328414916992188	4.7722373008728027	0.0
1.9356102943420410	3.2321984767913818	0.0
6.4325394630432129	4.8301429748535156	0.0
3.1323578357696533	6.5029463768005371	0.0
1.9587745666503906	4.4010033607482910	0.0
5.3377103805541992	4.2847905158996582	0.0
4.3467187881469727	5.8088474273681641	0.0
3.3955721855163574	2.7693152427673340	0.0
4.9962725639343262	3.1213035583496094	0.0
4.3527288436889648	5.7016730308532715	0.0
2.1806826591491699	5.0652766227722168	0.0
0.9617297649383545	4.9276471138000488	0.0
1.7520219087600708	5.8637118339538574	0.0
1.5519574880599976	7.2222690582275391	0.0
4.7458643913269043	7.1473560333251953	0.0
1.8560028076171875	7.4283456802368164	0.0
2.2638740539550781	3.8931643962860107	0.0
0.1451088190078735	4.5161361694335938	0.0
2.4334595203399658	5.7175636291503906	0.0
1.5387310981750488	8.3302755355834961	0.0
-0.1173375025391579	4.6956119537353516	0.0
-0.1264898627996445	7.0152835845947266	0.0
3.9830114841461182	5.5338878631591797	0.0
1.4991863965988159	4.0019373893737793	0.0
2.0855023860931396	3.8323674201965332	0.0
3.2331998348236084	3.9156045913696289	0.0
1.2172338962554932	6.6613240242004395	0.0
3.5629131793975830	5.9065923690795898	0.0
1.7146207094192505	6.4022469520568848	0.0
2.8217601776123047	4.6915602684020996	0.0
4.5072078704833984	6.3361725807189941	0.0
2.8259243965148926	8.6089887619018555	0.0
2.1021966934204102	5.8993067741394043	0.0
5.8532452583312988	3.6469948291778564	0.0
1.9524333477020264	3.3222298622131348	0.0
4.5103836059570312	4.1731233596801758	0.0
2.7184524536132812	3.5971529483795166	0.0
4.9850487709045410	3.0355691909790039	0.0
1.9048151969909668	4.8429770469665527	0.0
1.6401296854019165	6.1251044273376465	0.0
4.0468544960021973	4.4005761146545410	0.0
0.6797491908073425	5.9226145744323730	0.0
0.8750727772712708	5.7460966110229492	0.0
3.0152082443237305	6.5987882614135742	0.0
2.5424921512603760	7.4647841453552246	0.0
1.3433378934860229	7.4942207336425781	0.0
0.3891654014587402	5.2935142517089844	0.0
1.5020284652709961	8.3524217605590820	0.0
3.1203362941741943	4.9481611251831055	0.0
5.6234350204467773	6.1949954032897949	0.0
3.4186077117919922	4.5743203163146973	0.0
2.7455589771270752	5.6743454933166504	0.0
3.4822912216186523	6.1376838684082031	0.0
4.1878995895385742	5.8421802520751953	0.0
2.6481773853302002	2.3713212013244629	0.0
4.0249485969543457	7.8943710327148438	0.0
2.6837134361267090	5.5913372039794922	0.0
2.4811222553253174	5.7777056694030762	0.0
2.4153211116790771	5.0738844871520996	0.0
3.1911692619323730	4.8148632049560547	0.0
3.6984915733337402	6.7400274276733398	0.0
1.3727232217788696	5.4683771133422852	0.0
2.6656303405761719	8.0635385513305664	0.0
2.0699963569641113	2.9469373226165771	0.0
2.0217721462249756	5.3843832015991211	0.0
1.0459182262420654	4.6971201896667480	0.0
3.8643736839294434	4.0171113014221191	0.0
3.2874569892883301	6.2009429931640625	0.0
3.4203221797943115	3.5184667110443115	0.0
5.1470904350280762	5.3450288772583008	0.0
5.4003305435180664	6.3197922706604004	0.0
4.7305812835693359	7.1344165802001953	0.0
3.5289981365203857	6.9322004318237305	0.0
4.6270203590393066	4.5211553573608398	0.0
3.4890787601470947	7.3171911239624023	0.0
1.7981951236724854	1.9731361865997314	0.0
1.3592361211776733	4.9362783432006836	0.0
3.2587876319885254	3.8231496810913086	0.0
2.5682094097137451	4.1308484077453613	0.0
5.6952385902404785	4.2166185379028320	0.0
3.4776775836944580	4.2274098396301270	0.0
2.3085348606109619	3.9522855281829834	0.0
6.8865895271301270	-3.1534142494201660	1.0
5.3526248931884766	-7.1203408241271973	1.0
3.2147600650787354	-5.9603266716003418	1.0
5.0626950263977051	-3.0775289535522461	1.0
5.9841246604919434	-3.3822360038757324	1.0
5.9160671234130859	-3.0524656772613525	1.0
7.1504397392272949	-3.2050049304962158	1.0
8.2318420410156250	-3.3645882606506348	1.0
5.4694480895996094	-3.8807303905487061	1.0
6.1173820495605469	-2.9389085769653320	1.0
3.7568514347076416	-4.0427374839782715	1.0
4.6862244606018066	-7.0624332427978516	1.0
7.3706083297729492	-4.8511891365051270	1.0
3.7301266193389893	-4.7438588142395020	1.0
3.9551725387573242	-3.2889750003814697	1.0
2.2729599475860596	-8.3780813217163086	1.0
6.4111504554748535	-5.2226333618164062	1.0
5.8784036636352539	-5.7680921554565430	1.0
5.5207633972167969	-3.2374975681304932	1.0
3.8948493003845215	-6.1930766105651855	1.0
8.4506044387817383	-4.1192545890808105	1.0
6.3944463729858398	-5.9902100563049316	1.0
2.9862895011901855	-1.6604888439178467	1.0
5.3676834106445312	-4.4778175354003906	1.0
6.1330065727233887	-2.1329526901245117	1.0
4.6592655181884766	-5.7326860427856445	1.0
6.9626569747924805	-4.6160030364990234	1.0
6.6659035682678223	-1.6080313920974731	1.0
5.4028835296630859	-2.2650890350341797	1.0
4.6814074516296387	-4.1909761428833008	1.0
3.9054133892059326	-3.4537870883941650	1.0
3.6789853572845459	-4.4268698692321777	1.0
7.1694040298461914	-4.7490038871765137	1.0
6.7744793891906738	-2.1549246311187744	1.0
4.2232260704040527	-4.8571457862854004	1.0
4.1977305412292480	-4.1013889312744141	1.0
5.1737694740295410	-4.0292882919311523	1.0
5.8115997314453125	-3.4789805412292480	1.0
5.0183229446411133	-3.5871438980102539	1.0
6.7146224975585938	-3.5354499816894531	1.0
5.0869894027709961	-5.6621699333190918	1.0
3.2954230308532715	-3.5563662052154541	1.0
6.1231346130371094	-4.5501871109008789	1.0
5.8129210472106934	-3.2238674163818359	1.0
4.6251392364501953	-1.6446171998977661	1.0
3.1036403179168701	-3.6743221282958984	1.0
7.4587159156799316	-5.8916096687316895	1.0
5.2034530639648438	-2.6641509532928467	1.0
7.8750529289245605	-4.0787353515625000	1.0
7.0457272529602051	-4.0405969619750977	1.0
4.7696485519409180	-4.7423243522644043	1.0
6.7079854011535645	-6.3431687355041504	1.0
5.2224373817443848	-1.0139049291610718	1.0
4.1932702064514160	-4.8956789970397949	1.0
3.3486087322235107	-5.3652544021606445	1.0
4.0207796096801758	-4.3279309272766113	1.0
4.5204815864562988	-5.9259743690490723	1.0
3.5185747146606445	-4.3079051971435547	1.0
7.9211473464965820	-2.1531562805175781	1.0
4.9477620124816895	-3.2545325756072998	1.0
4.1150674819946289	-3.8672471046447754	1.0
4.0540370941162109	-2.4779603481292725	1.0
5.0709633827209473	-2.5213305950164795	1.0
4.1843700408935547	-2.9598712921142578	1.0
5.9981231689453125	-3.6745762825012207	1.0
4.5956454277038574	-4.0774641036987305	1.0
6.9696097373962402	-2.6838567256927490	1.0
5.9153318405151367	-6.6218390464782715	1.0
5.1441416740417480	-1.8900099992752075	1.0
4.5882763862609863	-1.2636071443557739	1.0
4.3014683723449707	-4.9838781356811523	1.0
6.2202510833740234	-4.5399255752563477	1.0
4.1097550392150879	-2.6914112567901611	1.0
3.7240374088287354	-5.1851844787597656	1.0
4.6631813049316406	-2.2412557601928711	1.0
6.9761085510253906	-4.2019071578979492	1.0
5.6211433410644531	-3.4294123649597168	1.0
6.0638074874877930	-5.7690176963806152	1.0
6.3236885070800781	-5.0587320327758789	1.0
3.1721243858337402	3.4753527641296387	1.0
5.7002444267272949	-6.3010268211364746	1.0
5.7282066345214844	-4.9222211837768555	1.0
7.0816965103149414	-4.6336302757263184	1.0
5.7453732490539551	-4.3739552497863770	1.0
4.5545692443847656	-5.9719529151916504	1.0
5.0099654197692871	-5.7277421951293945	1.0
6.5174040794372559	-2.5870950222015381	1.0
5.1765217781066895	-5.0547800064086914	1.0
3.7491610050201416	-3.9990170001983643	1.0
4.5461387634277344	-3.5912153720855713	1.0
6.6342949867248535	-3.2944891452789307	1.0
3.3243658542633057	-4.6283383369445801	1.0
5.8523774147033691	-5.0893478393554688	1.0
4.0219688415527344	-6.6444673538208008	1.0
3.2595350742340088	-2.2887086868286133	1.0
3.7969758510589600	-1.8151324987411499	1.0
2.9641141891479492	-4.9944944381713867	1.0
5.5714540481567383	-2.4566886425018311	1.0
2.5916433334350586	-6.1232728958129883	1.0
7.6303453445434570	-2.7584793567657471	1.0
0.7005810737609863	3.1398527622222900	2.0
0.1272943615913391	3.0980706214904785	2.0
-0.1784812361001968	0.2438563853502274	2.0
-3.4163017272949219	3.6211054325103760	2.0
-1.3185254335403442	0.8190487027168274	2.0
-1.5189335346221924	1.2903914451599121	2.0
1.1029450893402100	0.9462817907333374	2.0
-1.7105107307434082	2.4977025985717773	2.0
-1.3413457870483398	2.3625214099884033	2.0
1.1348170042037964	1.2929558753967285	2.0
1.6211268901824951	0.7820330858230591	2.0
-1.9622375965118408	3.6914281845092773	2.0
0.4341341555118561	1.6858875751495361	2.0
-2.4578559398651123	0.9817125201225281	2.0
-0.2101622372865677	3.3995001316070557	2.0
0.5459142923355103	1.1255753040313721	2.0
0.8576355576515198	0.9350349307060242	2.0
-1.2389473915100098	2.9304158687591553	2.0
-1.0194848775863647	2.3894786834716797	2.0
-0.9127621054649353	3.8633055686950684	2.0
-0.7422240972518921	3.9117643833160400	2.0
-0.8720858097076416	3.1760587692260742	2.0
0.2361201643943787	2.9761795997619629	2.0
-3.1210448741912842	3.0526823997497559	2.0
-1.6910878419876099	3.7056877613067627	2.0
-2.0180439949035645	1.7852094173431396	2.0
-0.0986086279153824	0.6942832469940186	2.0
2.3631668090820312	2.5239491462707520	2.0
2.0442800521850586	3.7303402423858643	2.0
-0.5319955348968506	2.1125645637512207	2.0
-0.6421709060668945	1.1460423469543457	2.0
-1.7891601324081421	2.6714770793914795	2.0
-0.5331866145133972	1.9722194671630859	2.0
0.5350511670112610	2.3012976646423340	2.0
-0.4039578437805176	1.6533772945404053	2.0
1.3225175142288208	3.6390130519866943	2.0
0.0031529131811112	1.8159700632095337	2.0
-1.2292076349258423	0.5525850653648376	2.0
-0.2850711941719055	0.2522740662097931	2.0
0.4489736855030060	2.2855350971221924	2.0
0.5877505540847778	3.3631467819213867	2.0
-0.2981069982051849	3.3375160694122314	2.0
0.0093532754108310	3.3518400192260742	2.0
-1.6243422031402588	2.4032683372497559	2.0
-1.8120992183685303	4.5907077789306641	2.0
-1.1008660793304443	3.2688314914703369	2.0
-2.2541587352752686	0.4599867463111877	2.0
0.9995815157890320	1.9460217952728271	2.0
-1.9048306941986084	3.0098619461059570	2.0
-1.4985947608947754	2.4370718002319336	2.0
-2.5809893608093262	1.5875844955444336	2.0
0.1905197054147720	3.7306373119354248	2.0
4.8969855308532715	-1.8000307083129883	2.0
1.3696540594100952	2.0419230461120605	2.0
0.5241266489028931	2.0243542194366455	2.0
-1.5588437318801880	1.5397511720657349	2.0
-1.8754760026931763	2.5348947048187256	2.0
-2.1422393321990967	0.0499940589070320	2.0
1.2370153665542603	2.7804274559020996	2.0
-0.6702126860618591	2.7660651206970215	2.0
2.3531036376953125	-2.3207943439483643	2.0
0.1523282229900360	1.7946335077285767	2.0
0.4129769206047058	4.1816854476928711	2.0
-2.0192966461181641	1.9191235303878784	2.0
-0.1547502875328064	1.8847942352294922	2.0
-1.5176093578338623	1.6185125112533569	2.0
0.2674082815647125	3.5693080425262451	2.0
-0.7957836985588074	1.6666877269744873	2.0
-3.1747221946716309	2.5638980865478516	2.0
-1.0168454647064209	2.4628264904022217	2.0
-0.1941424161195755	2.1483325958251953	2.0
-1.6229453086853027	1.6507382392883301	2.0
-3.3439352512359619	-0.0156745519489050	2.0
0.6206119060516357	1.7299696207046509	2.0
-1.9882645606994629	2.8044919967651367	2.0
-0.6821330189704895	2.2928924560546875	2.0
-0.4785741567611694	3.6271953582763672	2.0
0.0712457820773125	2.6927070617675781	2.0
-0.8134745359420776	2.9275453090667725	2.0
-0.3491656482219696	1.4833300113677979	2.0
-1.9883958101272583	-4.4225554466247559	2.0
-2.5381429195404053	1.6518831253051758	2.0
1.6848709583282471	2.6663916110992432	2.0
-1.1177901029586792	0.6054595708847046	2.0
-0.1459904760122299	2.7972760200500488	2.0
0.0732371956110001	2.6590209007263184	2.0
-0.9766402244567871	3.5854592323303223	2.0
-3.1956617832183838	-0.4367149174213409	2.0
-0.2189012914896011	2.1227796077728271	2.0
0.3972024321556091	2.3357441425323486	2.0
-0.1923837214708328	0.7859486341476440	2.0
-1.8984798192977905	1.7961174249649048	2.0
-1.1491231918334961	2.9942579269409180	2.0
0.1235484033823013	2.0558483600616455	2.0
-0.3509855270385742	1.1193124055862427	2.0
-0.9351077079772949	2.3203141689300537	2.0
-1.1096500158309937	2.2657809257507324	2.0
0.4800911843776703	0.4321753978729248	2.0
1.2945460081100464	2.7459697723388672	2.0
-0.7877511382102966	0.9684768915176392	2.0
-5.7310709953308105	-2.0119812488555908	3.0
-4.4187536239624023	-3.5827186107635498	3.0
-6.6964240074157715	-2.0645611286163330	3.0
-4.1408782005310059	-4.3113451004028320	3.0
-4.2811975479125977	-3.3841843605041504	3.0
-7.1239805221557617	-4.9143791198730469	3.0
-6.5844902992248535	-2.6905829906463623	3.0
2.3155050277709961	1.2160806655883789	3.0
-4.8462109565734863	-1.8403675556182861	3.0
-2.6493387222290039	-3.0322918891906738	3.0
-5.3647212982177734	-3.3776721954345703	3.0
-4.6908073425292969	-3.8100261688232422	3.0
-3.4598605632781982	-2.8010649681091309	3.0
2.1898550987243652	2.0105803012847900	3.0
-5.6518177986145020	-3.5792863368988037	3.0
-4.9879422187805176	-3.4577009677886963	3.0
-7.1795849800109863	-3.9534657001495361	3.0
-4.0815453529357910	-5.0158829689025879	3.0
-5.4308733940124512	-3.9163243770599365	3.0
-5.1276245117187500	-4.5082345008850098	3.0
-4.4598522186279297	-2.9582328796386719	3.0
-2.8566143512725830	-3.0736701488494873	3.0
-5.9638156890869141	-5.1032218933105469	3.0
-3.1207292079925537	-4.2358589172363281	3.0
-7.4671812057495117	-5.8965954780578613	3.0
-3.0510587692260742	-3.9130446910858154	3.0
-6.7033815383911133	-3.8873987197875977	3.0
-2.2710714340209961	-4.5509638786315918	3.0
-7.5022311210632324	-1.2241722345352173	3.0
-4.9872045516967773	-4.3164916038513184	3.0
-6.5942521095275879	-3.3721609115600586	3.0
4.1171374320983887	-2.1587185859680176	3.0
-6.0128288269042969	-4.8195800781250000	3.0
-3.7215704917907715	-2.2096464633941650	3.0
-6.0806770324707031	-2.6716296672821045	3.0
-6.9935827255249023	-3.0337393283843994	3.0
-7.7697710990905762	-3.1328907012939453	3.0
-5.0533952713012695	-3.7758507728576660	3.0
-5.1260161399841309	-2.2151803970336914	3.0
-7.2543549537658691	-3.7889623641967773	3.0
-5.2032227516174316	-1.9293314218521118	3.0
-6.2889213562011719	-4.1271395683288574	3.0
-3.6337108612060547	-3.5614402294158936	3.0
-1.3966654539108276	-3.4130027294158936	3.0
-5.9016265869140625	-5.1986184120178223	3.0
8.4802532196044922	-0.3809149861335754	3.0
-6.7207050323486328	-3.4918637275695801	3.0
-5.3199133872985840	-5.6588463783264160	3.0
-3.5230629444122314	-5.1133751869201660	3.0
-6.7989630699157715	-1.8087363243103027	3.0
-5.4216756820678711	-4.5821990966796875	3.0
-4.6219286918640137	-4.0486507415771484	3.0
-4.4688353538513184	-2.8129179477691650	3.0
-4.4999179840087891	-5.4682021141052246	3.0
-6.4251155853271484	-3.6419458389282227	3.0
-5.6902008056640625	-3.4823372364044189	3.0
-6.2843456268310547	-5.1596078872680664	3.0
-4.4105534553527832	-2.4508998394012451	3.0
-3.6583263874053955	-3.2018358707427979	3.0
-3.3135619163513184	-1.7872393131256104	3.0
-3.6118764877319336	-0.8308681249618530	3.0
-8.1305360794067383	-4.4055476188659668	3.0
-7.1535453796386719	-2.9457669258117676	3.0
-4.1768488883972168	-4.8270549774169922	3.0
-7.0181589126586914	-4.0775194168090820	3.0
-5.7985801696777344	-2.6225309371948242	3.0
-4.9321680068969727	-3.2444660663604736	3.0
-2.7047748565673828	-2.3663017749786377	3.0
-4.4440078735351562	-1.9327056407928467	3.0
-4.6440849304199219	-0.4419426620006561	3.0
-5.8636560440063477	-4.1845765113830566	3.0
-3.5700290203094482	-3.9961528778076172	3.0
-3.6557991504669189	-4.3844037055969238	3.0
-5.7861013412475586	-1.1569998264312744	3.0
-3.6311016082763672	-3.9904296398162842	3.0
-4.8834972381591797	-0.9059959650039673	3.0
-8.4299507141113281	-3.0942058563232422	3.0
-4.8422861099243164	-3.6153109073638916	3.0
-5.5392923355102539	-3.8116431236267090	3.0
-7.2417178153991699	-3.8530232906341553	3.0
-5.1904582977294922	-2.1312026977539062	3.0
-5.6298871040344238	-6.2617979049682617	3.0
-6.2450060844421387	-2.5620765686035156	3.0
-5.0781588554382324	-2.7161190509796143	3.0
-6.2008399963378906	-3.2791442871093750	3.0
-6.2902889251708984	-5.1296062469482422	3.0
-6.4707727432250977	-4.5647234916687012	3.0
-4.7968354225158691	-4.3259601593017578	3.0
-5.5962409973144531	-2.6125469207763672	3.0
-3.9484243392944336	-3.3912925720214844	3.0
-5.9068384170532227	-1.5498926639556885	3.0
-4.7253518104553223	6.1857461929321289	3.0
-7.1979393959045410	-2.2391746044158936	3.0
-5.7814021110534668	-2.4123113155364990	3.0
-4.6713089942932129	-5.1553535461425781	3.0
7.7541117668151855	-1.3944499492645264	3.0
-6.2878832817077637	-1.2808611392974854	3.0
-6.8034553527832031	-1.5229380130767822	3.0
-3.2814450263977051	-2.3437490463256836	3.0
-5.0382652282714844	-2.3423697948455811	3.0
-4.8020329475402832	3.5306997299194336	4.0
-6.3927106857299805	1.4232090711593628	4.0
-5.7428007125854492	1.8680075407028198	4.0
-4.0348858833312988	1.3826766014099121	4.0
-6.4168729782104492	2.9251444339752197	4.0
-5.3569278717041016	3.8755555152893066	4.0
-5.2452311515808105	-0.2267483323812485	4.0
-2.6688005924224854	0.6120937466621399	4.0
-6.2657184600830078	2.9328010082244873	4.0
-3.6715974807739258	0.9958763122558594	4.0
-3.2190113067626953	2.4414510726928711	4.0
-6.3343434333801270	4.6749978065490723	4.0
-5.3121423721313477	1.9872936010360718	4.0
-3.8280129432678223	-0.5492575764656067	4.0
-6.7768330574035645	0.8501661419868469	4.0
-6.3235092163085938	-0.9421709775924683	4.0
-3.0225348472595215	1.6617559194564819	4.0
-5.3224139213562012	1.5266754627227783	4.0
-5.4814486503601074	4.8141055107116699	4.0
-7.8533101081848145	0.6722526550292969	4.0
-4.9763298034667969	2.9172317981719971	4.0
-4.4399557113647461	2.4871037006378174	4.0
-7.5182657241821289	-0.9463863372802734	4.0
-6.6078586578369141	0.9576576948165894	4.0
-4.7554626464843750	0.5477719902992249	4.0
-5.6644344329833984	1.4023442268371582	4.0
-7.5030126571655273	2.0271346569061279	4.0
-5.4228467941284180	3.9376182556152344	4.0
-5.8526673316955566	3.8293645381927490	4.0
-7.0452675819396973	2.8883912563323975	4.0
-2.9227497577667236	3.1134116649627686	4.0
-5.2639007568359375	1.4788275957107544	4.0
-6.4339528083801270	2.0015139579772949	4.0
-5.7662572860717773	0.6826751232147217	4.0
-5.4264616966247559	1.2778089046478271	4.0
-6.1490097045898438	3.3559956550598145	4.0
-6.6447978019714355	4.0266203880310059	4.0
-4.3714671134948730	1.1360378265380859	4.0
-6.0882468223571777	1.4365444183349609	4.0
-7.0456242561340332	2.0370595455169678	4.0
-4.7222671508789062	1.2408903837203979	4.0
-3.9609568119049072	2.2878806591033936	4.0
-4.2345805168151855	3.3092069625854492	4.0
-4.9156289100646973	2.5318949222564697	4.0
-3.8974177837371826	0.9395884871482849	4.0
-3.9208791255950928	2.2648987770080566	4.0
-5.1634426116943359	3.4348323345184326	4.0
-5.7166171073913574	3.4583957195281982	4.0
-4.1014471054077148	0.5225961804389954	4.0
-6.8898997306823730	1.0625158548355103	4.0
-4.6650748252868652	-0.0794375613331795	4.0
-3.0500195026397705	2.0224168300628662	4.0
-5.2214026451110840	1.6350346803665161	4.0
-5.0972504615783691	1.9630941152572632	4.0
-3.6991751194000244	0.7628201246261597	4.0
-4.3762416839599609	2.4553027153015137	4.0
-3.9154629707336426	2.9168500900268555	4.0
-5.3179640769958496	1.0064067840576172	4.0
-5.7967672348022461	2.6586494445800781	4.0
-6.1206979751586914	0.3877596557140350	4.0
-4.4450640678405762	2.7960245609283447	4.0
-5.5136585235595703	0.3862977921962738	4.0
-6.3655261993408203	0.1200721040368080	4.0
-6.0989041328430176	2.4545750617980957	4.0
-6.7166657447814941	-0.1060101613402367	4.0
7.0977540016174316	5.2607831954956055	4.0
-5.1301875114440918	3.9294681549072266	4.0
-2.9767408370971680	1.9044454097747803	4.0
-4.6172714233398438	2.4581346511840820	4.0
-8.2768774032592773	2.4425983428955078	4.0
-6.3577175140380859	2.0491197109222412	4.0
-4.5179061889648438	4.5307512283325195	4.0
-5.2334218025207520	2.7714161872863770	4.0
-5.1739878654479980	2.4467332363128662	4.0
-3.5488262176513672	1.0074044466018677	4.0
-4.3581748008728027	0.0646184757351875	4.0
-6.8479065895080566	2.8761267662048340	4.0
6.9050745964050293	5.1286082267761230	4.0
-7.1810331344604492	3.4801735877990723	4.0
-4.6293387413024902	0.6061954498291016	4.0
-4.4099574089050293	3.5310323238372803	4.0
-2.9871313571929932	0.4764492511749268	4.0
-6.3674092292785645	1.9119333028793335	4.0
-7.4462151527404785	3.9991552829742432	4.0
-7.6531019210815430	0.1793375313282013	4.0
-4.5500946044921875	1.6171209812164307	4.0
7.6927633285522461	3.9543735980987549	4.0
-4.5635929107666016	1.1573691368103027	4.0
2.1591742038726807	5.1601257324218750	4.0
7.0505576133728027	3.6147093772888184	4.0
-5.4420285224914551	2.4961535930633545	4.0
-4.8918061256408691	0.3439071178436279	4.0
-3.5935034751892090	1.3321497440338135	4.0
-7.0767402648925781	2.0016121864318848	4.0
-5.0010280609130859	2.1249723434448242	4.0
-3.7615747451782227	1.6932349205017090	4.0
-5.9701600074768066	1.4533299207687378	4.0
-7.0635533332824707	4.0882887840270996	4.0
-5.4420166015625000	2.8812882900238037	4.0
-5.9975490570068359	3.8944256305694580	4.0
-2.3548812866210938	6.8905277252197266	5.0
-4.3235683441162109	6.9657583236694336	5.0
0.5131279826164246	6.2296352386474609	5.0
-3.3614790439605713	3.6436238288879395	5.0
-3.1236736774444580	2.6913433074951172	5.0
-1.9682083129882812	7.1372857093811035	5.0
-2.3546080589294434	9.1153621673583984	5.0
-3.0103898048400879	4.4224720001220703	5.0
-3.3645584583282471	6.9999384880065918	5.0
-2.9383435249328613	6.0820231437683105	5.0
-1.2855399847030640	5.4036478996276855	5.0
-5.9120721817016602	6.6271138191223145	5.0
-3.3057887554168701	5.7454028129577637	5.0
0.0149305956438184	7.7962579727172852	5.0
-2.8553895950317383	8.3635902404785156	5.0
-4.6343164443969727	7.6709628105163574	5.0
-2.5312898159027100	3.5830109119415283	5.0
-2.0891606807708740	8.4149217605590820	5.0
-1.6891802549362183	5.1776833534240723	5.0
-2.5902543067932129	6.4029526710510254	5.0
-4.1871333122253418	6.2530493736267090	5.0
-4.4593281745910645	5.3047108650207520	5.0
-2.6998791694641113	7.8611350059509277	5.0
-5.2007470130920410	5.0956263542175293	5.0
-2.5737876892089844	5.9874882698059082	5.0
-2.5943114757537842	5.2750906944274902	5.0
-1.2094385623931885	8.4860935211181641	5.0
-1.7919138669967651	7.0773978233337402	5.0
-1.1791292428970337	5.8729500770568848	5.0
-1.5832343101501465	4.5468053817749023	5.0
-2.6780948638916016	7.6392359733581543	5.0
-1.1319656372070312	5.7192292213439941	5.0
-1.5659236907958984	8.5280456542968750	5.0
-1.1094315052032471	7.1069912910461426	5.0
-0.8708310127258301	4.0686907768249512	5.0
-0.0158948805183172	5.0418024063110352	5.0
-1.9574729204177856	5.2984018325805664	5.0
-3.8924658298492432	7.4874386787414551	5.0
-3.6317770481109619	4.2178654670715332	5.0
-1.8394533395767212	7.2212338447570801	5.0
-3.3290510177612305	5.7985038757324219	5.0
-4.3473987579345703	8.4103012084960938	5.0
-5.1688356399536133	5.3264040946960449	5.0
-3.3253316879272461	5.7504601478576660	5.0
-2.0957152843475342	7.3039064407348633	5.0
0.0311425626277924	5.2319865226745605	5.0
-1.3346841335296631	6.1401576995849609	5.0
-1.6143951416015625	6.3653059005737305	5.0
-3.8213801383972168	5.5948877334594727	5.0
-3.4275906085968018	5.2990550994873047	5.0
-1.3631759881973267	8.5689535140991211	5.0
-1.9681555032730103	7.4650874137878418	5.0
-2.2037665843963623	6.5352973937988281	5.0
-0.6491193175315857	7.8481726646423340	5.0
-3.1084737777709961	4.4036245346069336	5.0
-2.2830343246459961	6.5696897506713867	5.0
-2.9150843620300293	6.2067685127258301	5.0
-0.6914981007575989	7.0328388214111328	5.0
-3.1111400127410889	5.6677784919738770	5.0
-1.5501507520675659	5.0897932052612305	5.0
-4.4058256149291992	8.5294466018676758	5.0
-2.6837749481201172	7.2392067909240723	5.0
-2.8153109550476074	4.2524328231811523	5.0
-0.5990904569625854	8.5023078918457031	5.0
-0.0645832419395447	7.0054817199707031	5.0
-1.9749475717544556	4.4067029953002930	5.0
-2.4879462718963623	5.3898391723632812	5.0
-0.8057745099067688	6.8573532104492188	5.0
-2.0920815467834473	4.0770745277404785	5.0
-0.7023726701736450	4.6553564071655273	5.0
-0.5413796901702881	5.2134509086608887	5.0
-3.4868605136871338	8.6556177139282227	5.0
-2.7466013431549072	5.2613768577575684	5.0
-1.7099202871322632	6.9002141952514648	5.0
-3.7097597122192383	7.1526894569396973	5.0
-3.1933314800262451	6.4876704216003418	5.0
-1.2635025978088379	5.6550683975219727	5.0
-1.9249122142791748	8.1462211608886719	5.0
-2.0603103637695312	5.9316883087158203	5.0
-1.7161328792572021	6.3767232894897461	5.0
-2.1934781074523926	5.9968347549438477	5.0
-0.2210798114538193	6.0762434005737305	5.0
-2.7583005428314209	7.6159443855285645	5.0
-0.8051269054412842	6.0666546821594238	5.0
-3.2752897739410400	6.8662037849426270	5.0
0.8253945112228394	4.9189276695251465	5.0
-0.7053786516189575	4.9403243064880371	5.0
-0.9107879400253296	7.0902762413024902	5.0
-1.3461447954177856	4.6156172752380371	5.0
-2.8138642311096191	6.5178627967834473	5.0
-3.4126765727996826	9.6394853591918945	5.0
-4.8528733253479004	6.6187844276428223	5.0
-1.7183625698089600	6.6929707527160645	5.0
-4.3781647682189941	4.6303009986877441	5.0
-1.9545325040817261	9.7097177505493164	5.0
-3.5579113960266113	7.4988989830017090	5.0
-2.1966171264648438	5.9140558242797852	5.0
-3.5274662971496582	4.8494939804077148	5.0
-0.7962930798530579	7.5222349166870117	5.0
-2.3233234882354736	4.2453098297119141	5.0
2.8276607990264893	2.3376841545104980	6.0
6.1556534767150879	0.4493714272975922	6.0
3.5560991764068604	0.0342097580432892	6.0
3.5566060543060303	1.3264958858489990	6.0
2.9762048721313477	0.2717036902904510	6.0
3.8944852352142334	-1.6831824779510498	6.0
6.1289319992065430	0.7629539370536804	6.0
3.1240611076354980	1.4772962331771851	6.0
5.3700370788574219	2.0845413208007812	6.0
4.0357446670532227	0.5530326366424561	6.0
5.1392002105712891	1.9962009191513062	6.0
6.8860468864440918	-1.5674289464950562	6.0
4.5705242156982422	0.2489277124404907	6.0
6.6897916793823242	-0.2962048053741455	6.0
7.2460231781005859	0.5970314145088196	6.0
3.3609461784362793	1.8112214803695679	6.0
5.8686971664428711	3.1718113422393799	6.0
5.3995890617370605	1.7454372644424438	6.0
3.7580618858337402	-1.1699590682983398	6.0
1.9301378726959229	-0.0743098556995392	6.0
2.6821932792663574	0.0566736161708832	6.0
5.9471807479858398	0.8921427130699158	6.0
5.5704989433288574	0.7174908518791199	6.0
5.6795911788940430	1.6444016695022583	6.0
5.5844497680664062	-1.2036222219467163	6.0
1.7600860595703125	0.4456603825092316	6.0
6.1706886291503906	-1.4078018665313721	6.0
4.3611335754394531	0.3720078468322754	6.0
2.6821427345275879	0.8228095173835754	6.0
4.6741728782653809	-0.2877522706985474	6.0
3.2244846820831299	-0.2972895801067352	6.0
3.8421392440795898	1.0795303583145142	6.0
3.8975872993469238	0.7056993842124939	6.0
4.2893972396850586	1.0108958482742310	6.0
7.0875549316406250	1.2169096469879150	6.0
3.8939189910888672	0.1240659207105637	6.0
5.9904489517211914	0.6896547079086304	6.0
3.9110331535339355	-0.7141416668891907	6.0
4.7107391357421875	1.4608697891235352	6.0
2.9674525260925293	0.3267019987106323	6.0
6.4669399261474609	1.6598290205001831	6.0
5.9840488433837891	-0.1859351098537445	6.0
4.6204295158386230	1.8792288303375244	6.0
6.4340586662292480	2.7908580303192139	6.0
4.4241132736206055	2.3200252056121826	6.0
5.8207530975341797	-0.3519517481327057	6.0
5.6822524070739746	0.7806322574615479	6.0
4.2530221939086914	1.6998513936996460	6.0
5.2471718788146973	1.6361079216003418	6.0
2.8973822593688965	0.2465296983718872	6.0
6.6579790115356445	0.3785508573055267	6.0
3.4162554740905762	0.3086632788181305	6.0
3.1135594844818115	1.5968858003616333	6.0
7.1861543655395508	1.0812880992889404	6.0
6.7909126281738281	2.0252444744110107	6.0
3.1612367630004883	1.9985170364379883	6.0
4.8172616958618164	-0.4583072066307068	6.0
3.8085851669311523	1.0717585086822510	6.0
2.7696185111999512	1.1800879240036011	6.0
6.0321946144104004	2.4095857143402100	6.0
4.6043114662170410	1.5418604612350464	6.0
5.4296240806579590	1.0803450345993042	6.0
1.3268579244613647	0.1480894535779953	6.0
6.7935309410095215	1.7901278734207153	6.0
2.4131658077239990	-0.0718445479869843	6.0
3.9143099784851074	0.6053208708763123	6.0
3.2748825550079346	0.2735224664211273	6.0
4.3153023719787598	1.7372815608978271	6.0
4.1247181892395020	-2.3083832263946533	6.0
4.6433014869689941	3.4122340679168701	6.0
4.0022459030151367	0.1039050072431564	6.0
5.5419816970825195	0.3497903048992157	6.0
4.2069091796875000	-0.4452267289161682	6.0
3.1315441131591797	2.3829996585845947	6.0
3.4573791027069092	-0.2179454714059830	6.0
-6.7206015586853027	6.0762443542480469	6.0
4.1955981254577637	-0.1483331769704819	6.0
5.2984700202941895	0.8413031697273254	6.0
4.6384658813476562	2.4495563507080078	6.0
-6.3360004425048828	7.7854328155517578	6.0
4.2744860649108887	1.4908736944198608	6.0
3.9601907730102539	-0.3549053668975830	6.0
5.3390750885009766	-0.6230924129486084	6.0
3.9809792041778564	2.6212956905364990	6.0
-6.8512907028198242	7.5041565895080566	6.0
7.0707011222839355	-0.6205229163169861	6.0
2.9646744728088379	1.4565248489379883	6.0
4.5225415229797363	0.2598492801189423	6.0
6.0437059402465820	1.8149888515472412	6.0
5.2377209663391113	0.9457680583000183	6.0
4.4319353103637695	1.4667860269546509	6.0
4.8792443275451660	3.4083890914916992	6.0
3.8504903316497803	2.1504383087158203	6.0
6.2204113006591797	2.0535531044006348	6.0
0.9203431606292725	0.3992693126201630	6.0
2.6145434379577637	0.1133873835206032	6.0
5.1078867912292480	-1.1817976236343384	6.0
7.6914477348327637	2.2534923553466797	6.0
5.6610941886901855	-0.5512558817863464	6.0
3.9005990028381348	2.7922973632812500	6.0
-1.8618564605712891	-3.1287131309509277	7.0
-0.6993239521980286	-1.7610263824462891	7.0
-2.0212788581848145	-0.9413987398147583	7.0
3.7510347366333008	0.7060025930404663	7.0
-0.1270852386951447	-3.2902574539184570	7.0
-3.8628339767456055	-2.4445710182189941	7.0
0.6580594778060913	0.0318921133875847	7.0
1.8582668304443359	0.6309553384780884	7.0
-2.2496764659881592	-1.0343657732009888	7.0
-1.4843385219573975	-0.3749917149543762	7.0
-0.0201200675219297	-1.3515756130218506	7.0
-0.7872098684310913	-0.8043646812438965	7.0
-3.0692005157470703	-2.1348116397857666	7.0
-1.9448193311691284	-2.0245034694671631	7.0
-1.3172819614410400	-1.1835684776306152	7.0
-0.3024638295173645	-0.8559594750404358	7.0
-1.4620484113693237	-0.4558400511741638	7.0
-0.7525179386138916	-0.4014318883419037	7.0
0.3852627575397491	0.3292070627212524	7.0
-0.6775051355361938	-2.1582477092742920	7.0
-2.2245504856109619	-2.4053270816802979	7.0
0.1970678567886353	-0.6594667434692383	7.0
-3.6550552845001221	-0.8617658615112305	7.0
-0.3320086002349854	-0.3196841478347778	7.0
-1.7417043447494507	-2.3994367122650146	7.0
-1.3198937177658081	-0.6419286727905273	7.0
-1.3371030092239380	-2.8852775096893311	7.0
2.5427429676055908	1.2497022151947021	7.0
-1.3785061836242676	-2.5763645172119141	7.0
-2.0672898292541504	-1.6262794733047485	7.0
-3.1478910446166992	-0.3553120493888855	7.0
-0.4603646993637085	-2.3124802112579346	7.0
-0.5818251371383667	-1.0740594863891602	7.0
-2.0710365772247314	-1.0632332563400269	7.0
-1.9293357133865356	-1.1475437879562378	7.0
-0.0844708755612373	-4.5264286994934082	7.0
-1.3074026107788086	-1.2306264638900757	7.0
-0.2886897921562195	-1.0553872585296631	7.0
-1.1594345569610596	-0.4433234930038452	7.0
-1.2086880207061768	-1.9054914712905884	7.0
0.8343300819396973	0.9302417039871216	7.0
-1.2947633266448975	-3.5088174343109131	7.0
0.4655270576477051	8.8888998031616211	7.0
-0.8883287906646729	-0.3725190162658691	7.0
-2.5143351554870605	-0.5998917222023010	7.0
0.2155424356460571	-0.2302653640508652	7.0
-0.4348044395446777	1.2269769906997681	7.0
0.8533796668052673	-0.4849561452865601	7.0
-2.0456337928771973	-0.5174991488456726	7.0
-1.0413695573806763	-2.8776049613952637	7.0
-2.1151056289672852	-1.7358106374740601	7.0
-0.8816457986831665	-3.1421191692352295	7.0
-1.7486129999160767	-2.6824345588684082	7.0
-3.4657785892486572	-1.5356472730636597	7.0
-1.2654201984405518	-0.7062703371047974	7.0
-1.2976022958755493	-2.5321707725524902	7.0
-1.7823021411895752	-1.8401728868484497	7.0
-1.0346035957336426	-1.3261574506759644	7.0
-2.7730159759521484	1.3201771974563599	7.0
-1.8793584108352661	-1.4481763839721680	7.0
-2.4240055084228516	-1.8660879135131836	7.0
0.5179700851440430	0.4136918187141418	7.0
2.3502223491668701	0.3799483776092529	7.0
1.4611661434173584	1.1628625392913818	7.0
-3.1558282375335693	-1.0264374017715454	7.0
-3.0537869930267334	2.2137475013732910	7.0
-1.4932823181152344	1.0976415872573853	7.0
-1.1257226467132568	-0.2092698812484741	7.0
0.0719533562660217	-0.1560962200164795	7.0
0.1030137464404106	-0.8046069741249084	7.0
0.4313085079193115	-1.2887629270553589	7.0
-0.6002545952796936	-1.8488851785659790	7.0
-2.9933929443359375	0.3082395493984222	7.0
-0.3066031634807587	-2.0270857810974121	7.0
-2.4480512142181396	-0.9205781817436218	7.0
-0.7336614727973938	-1.6241971254348755	7.0
-2.6460835933685303	0.4325770735740662	7.0
0.6282308101654053	1.0043239593505859	7.0
-2.0869357585906982	-2.3391478061676025	7.0
-0.6945968270301819	-1.7082386016845703	7.0
-1.8522986173629761	-0.2640071511268616	7.0
-3.0406174659729004	-2.9767556190490723	7.0
0.5231477618217468	-0.4387791454792023	7.0
-1.5639452934265137	-2.7134010791778564	7.0
-0.2969534695148468	-1.2072598934173584	7.0
-2.8171968460083008	-1.5308082103729248	7.0
-1.9396338462829590	0.6732371449470520	7.0
1.0009785890579224	-0.5305629968643188	7.0
-0.0750714465975761	-0.7482892274856567	7.0
-1.2262263298034668	-1.6620689630508423	7.0
-0.3325212299823761	-1.6400382518768311	7.0
-1.6691676378250122	0.0416107773780823	7.0
-3.4507625102996826	0.7126812934875488	7.0
-1.2986581325531006	-2.5953311920166016	7.0
0.2019947171211243	-0.5780658721923828	7.0
-2.2406966686248779	-0.9353082776069641	7.0
-2.0661010742187500	0.6884908676147461	7.0
-1.1023759841918945	0.4097231030464172	7.0
1.1863137483596802	-0.2538921833038330	7.0
-1.4967570304870605	0.0947072729468346	7.0
0.9483109116554260	-1.9783754348754883	8.0
2.8590285778045654	-1.7944012880325317	8.0
1.5081744194030762	-1.7533193826675415	8.0
2.9756708145141602	-1.5672490596771240	8.0
1.9304019212722778	-4.1084084510803223	8.0
-2.8013496398925781	-3.6650209426879883	8.0
1.6896865367889404	-2.4073996543884277	8.0
1.6496090888977051	-4.3350558280944824	8.0
2.7475266456604004	-1.5263298749923706	8.0
2.4643135070800781	-0.6204609870910645	8.0
0.1189307197928429	-2.5160250663757324	8.0
0.7228654623031616	-2.1023385524749756	8.0
2.5029668807983398	-5.0047760009765625	8.0
0.3034476339817047	-3.1837873458862305	8.0
1.0495316982269287	-2.4758245944976807	8.0
1.2113445997238159	-2.6626434326171875	8.0
2.7209661006927490	-5.5355906486511230	8.0
1.0060093402862549	-3.8697333335876465	8.0
1.0659422874450684	-2.1435682773590088	8.0
1.6418871879577637	-2.3629794120788574	8.0
1.4976099729537964	-1.9694004058837891	8.0
1.6449134349822998	-2.7257287502288818	8.0
0.5453587174415588	-2.7514660358428955	8.0
1.1598882675170898	-2.9785470962524414	8.0
0.8941829204559326	-4.2166299819946289	8.0
0.8429030179977417	-4.8487911224365234	8.0
0.6778514385223389	-3.7980015277862549	8.0
2.1349179744720459	-3.0228776931762695	8.0
1.2970769405364990	-1.5257282257080078	8.0
2.5808579921722412	-1.9446785449981689	8.0
3.1868860721588135	-1.5903271436691284	8.0
3.2025053501129150	-3.3705587387084961	8.0
2.8022220134735107	-2.5302765369415283	8.0
1.7782874107360840	-1.6124144792556763	8.0
1.2979941368103027	-1.4217197895050049	8.0
1.8004761934280396	-2.4506149291992188	8.0
8.6684408187866211	1.2761120796203613	8.0
2.7540709972381592	-0.5552908778190613	8.0
2.0188424587249756	-3.3007605075836182	8.0
3.0963685512542725	-3.1148712635040283	8.0
1.7688065767288208	1.5006417036056519	8.0
2.0717287063598633	-0.3985888957977295	8.0
1.6189553737640381	-3.5919957160949707	8.0
-2.9845092296600342	4.9943542480468750	8.0
-0.5078100562095642	-3.6921639442443848	8.0
1.7070012092590332	-1.0403980016708374	8.0
1.5782936811447144	-2.7225635051727295	8.0
2.5030982494354248	-3.6284151077270508	8.0
1.0783010721206665	-2.8172764778137207	8.0
2.5240745544433594	-2.5172040462493896	8.0
2.4781093597412109	-0.9572338461875916	8.0
3.8485832214355469	-1.2593506574630737	8.0
2.0947675704956055	-4.2761688232421875	8.0
-4.6073575019836426	-1.0641651153564453	8.0
1.5570787191390991	-4.7471122741699219	8.0
1.3222090005874634	-2.1111700534820557	8.0
2.1609625816345215	-2.8915543556213379	8.0
-0.4620060324668884	-3.4373383522033691	8.0
2.3075454235076904	-2.5844836235046387	8.0
2.6398868560791016	-1.4667506217956543	8.0
3.2250170707702637	2.8983726501464844	8.0
0.9910638928413391	-4.3515005111694336	8.0
1.2346373796463013	-2.2358942031860352	8.0
1.5720621347427368	-1.4699200391769409	8.0
-0.2811501622200012	-5.6539025306701660	8.0
-5.3471107482910156	0.4521788656711578	8.0
2.9481568336486816	-1.0423628091812134	8.0
1.6443344354629517	-3.8594274520874023	8.0
1.9476078748703003	-0.7854660749435425	8.0
1.3886233568191528	-3.1483831405639648	8.0
1.8846110105514526	1.3729727268218994	8.0
2.3474555015563965	-4.9064831733703613	8.0
1.9349620342254639	-3.1464414596557617	8.0
-2.4699537754058838	-4.1017804145812988	8.0
0.5141827464103699	-1.1278849840164185	8.0
2.7521979808807373	-0.6016710400581360	8.0
2.2873196601867676	-0.6110036969184875	8.0
2.6342332363128662	-4.0524888038635254	8.0
2.6875853538513184	-1.7981897592544556	8.0
2.3713605403900146	-1.8679711818695068	8.0
0.8528324961662292	-3.5611121654510498	8.0
1.9382009506225586	-2.7878813743591309	8.0
1.8700822591781616	-1.6331259012222290	8.0
0.2715903818607330	-3.8707423210144043	8.0
2.2835574150085449	-2.1536333560943604	8.0
0.0897823721170425	-2.6309823989868164	8.0
0.7906286120414734	-3.8580513000488281	8.0
2.8584964275360107	-2.7018454074859619	8.0
1.6786642074584961	-1.9276623725891113	8.0
1.7204277515411377	-2.7576427459716797	8.0
1.5923196077346802	-4.7714819908142090	8.0
1.6120022535324097	-0.7804065346717834	8.0
4.0729198455810547	-2.2908892631530762	8.0
1.1116981506347656	-1.8037667274475098	8.0
1.8045799732208252	-2.3900852203369141	8.0
1.7578457593917847	0.0635545253753662	8.0
1.0862393379211426	2.8005964756011963	8.0
-0.1661655455827713	-3.9778027534484863	8.0
3.2954039573669434	-2.4146294593811035	8.0
3.2934451103210449	-3.0636894702911377	8.0
-2.0755000114440918	-3.5427019596099854	9.0
0.3674552142620087	-5.3385705947875977	9.0
-0.8255584836006165	-7.6458077430725098	9.0
-1.4272211790084839	-4.4268712997436523	9.0
-0.0760579183697701	-2.7607817649841309	9.0
-1.5458289384841919	-4.5931768417358398	9.0
-2.5070037841796875	-8.5373373031616211	9.0
-1.7137868404388428	-3.9937808513641357	9.0
-0.8558677434921265	-6.9570417404174805	9.0
-2.0546503067016602	-5.4319720268249512	9.0
-0.4236107468605042	-6.0998740196228027	9.0
-2.4263527393341064	-6.0790910720825195	9.0
-3.5606992244720459	-7.0400652885437012	9.0
-0.7530111670494080	-8.3575325012207031	9.0
-0.4998289346694946	-3.0121874809265137	9.0
-1.7971214056015015	-7.2182269096374512	9.0
-2.8570945262908936	-7.6426849365234375	9.0
1.0189852714538574	-9.0169982910156250	9.0
1.5487536191940308	-5.7093935012817383	9.0
-1.2603840827941895	-7.6497726440429688	9.0
-0.1352915465831757	-8.3604488372802734	9.0
0.7805025577545166	-6.7919216156005859	9.0
-2.2791419029235840	-7.8839778900146484	9.0
-1.2237508296966553	-6.2925872802734375	9.0
1.4288508892059326	-6.7258667945861816	9.0
-0.9252631068229675	-5.4879279136657715	9.0
-3.7385399341583252	-6.0143790245056152	9.0
-1.4818023443222046	-7.5133714675903320	9.0
-1.4432766437530518	-8.9443225860595703	9.0
-0.2966486513614655	-7.2355179786682129	9.0
-0.6677817106246948	-6.1359906196594238	9.0
-3.2854220867156982	-6.1991467475891113	9.0
0.8083157539367676	-6.5514030456542969	9.0
-1.3116172552108765	-4.5271673202514648	9.0
-1.7794374227523804	-5.6924867630004883	9.0
1.5827970504760742	-4.2150487899780273	9.0
-1.6638929843902588	-5.6756730079650879	9.0
0.9520415067672729	-8.1798152923583984	9.0
-1.5195945501327515	-7.2787885665893555	9.0
-2.5188195705413818	-5.9800353050231934	9.0
0.3920991420745850	-4.8057427406311035	9.0
-2.7843954563140869	-6.5312237739562988	9.0
-2.1252636909484863	-6.7140979766845703	9.0
-4.5324411392211914	-7.4290246963500977	9.0
1.1730884313583374	-7.1504774093627930	9.0
-0.6724604964256287	-9.2558584213256836	9.0
-1.3472890853881836	-6.5559606552124023	9.0
0.1018565520644188	-7.0258674621582031	9.0
1.3035101890563965	-7.3701109886169434	9.0
1.5225949287414551	3.0820565223693848	9.0
-0.1050286069512367	-4.8492035865783691	9.0
2.1132669448852539	-7.5501241683959961	9.0
1.3013939857482910	-6.2711534500122070	9.0
-0.0503780692815781	-7.3756599426269531	9.0
-2.6675527095794678	-5.3650584220886230	9.0
2.3888025283813477	-7.1464138031005859	9.0
-0.0640159472823143	-8.5991926193237305	9.0
-0.0273661911487579	-5.0902175903320312	9.0
-1.9999847412109375	-3.5065264701843262	9.0
0.2978467941284180	-3.3281464576721191	9.0
-0.7755965590476990	-4.9350829124450684	9.0
-1.6370099782943726	-5.7399444580078125	9.0
-1.1568634510040283	-6.7817111015319824	9.0
-0.7793116569519043	-8.6146230697631836	9.0
-3.4258220195770264	-6.1403484344482422	9.0
0.1485186219215393	-3.9492301940917969	9.0
-2.5495455265045166	-5.7928090095520020	9.0
0.4255869388580322	-4.5637831687927246	9.0
-1.1582252979278564	-5.9249148368835449	9.0
-0.4389174878597260	-8.1978101730346680	9.0
-2.3199896812438965	-8.1742000579833984	9.0
-0.8589740991592407	-4.6709475517272949	9.0
0.5749653577804565	-7.6551265716552734	9.0
-2.9331319332122803	-4.9035530090332031	9.0
-2.5115127563476562	-6.7406063079833984	9.0
-2.6308212280273438	-7.1963782310485840	9.0
-1.1665723323822021	-5.3135604858398438	9.0
-0.3162311613559723	-6.2099170684814453	9.0
-0.0098185213282704	-6.7906289100646973	9.0
0.2383427172899246	-7.0022192001342773	9.0
0.3602551817893982	-5.7179155349731445	9.0
-0.2377348840236664	-6.3354706764221191	9.0
-0.7839633822441101	-6.4457483291625977	9.0
1.1060204505920410	-5.5656743049621582	9.0
-0.6469815373420715	-7.0964651107788086	9.0
-2.6331205368041992	-6.3015160560607910	9.0
-1.3104746341705322	-5.0022282600402832	9.0
0.8864106535911560	-5.9000310897827148	9.0
-0.6999957561492920	-7.0087757110595703	9.0
-0.9095165729522705	-4.3103523254394531	9.0
-0.3540962040424347	-5.6585712432861328	9.0
1.9475007057189941	-8.3786611557006836	9.0
-2.0269873142242432	-9.0498514175415039	9.0
-2.0309481620788574	-7.2020773887634277	9.0
-3.7136957645416260	-8.0035095214843750	9.0
0.0642472952604294	-8.5338010787963867	9.0
0.4983713030815125	-6.3182148933410645	9.0
-1.5538938045501709	-7.4180769920349121	9.0
-2.3523583412170410	-6.5812749862670898	9.0
-0.7083938121795654	-4.0987644195556641	9.0
