2.1902179718017578	6.4191231727600098	0.0
2.7560768127441406	6.7248339653015137	0.0
3.4285531044006348	6.1830282211303711	0.0
2.5227713584899902	6.7610163688659668	0.0
3.0769796371459961	5.7613129615783691	0.0
4.4951820373535156	5.6555867195129395	0.0
1.8099056482315063	4.9952487945556641	0.0
3.5087871551513672	6.3436532020568848	0.0
1.9055898189544678	6.5441956520080566	0.0
2.9711523056030273	3.6968905925750732	0.0
4.3076295852661133	5.1316647529602051	0.0
2.8275222778320312	4.7679872512817383	0.0
2.5339677333831787	5.3508238792419434	0.0
2.5188348293304443	5.3587746620178223	0.0
4.8792815208435059	6.9730339050292969	0.0
3.9804363250732422	5.6484766006469727	0.0
2.5570170879364014	2.7799568176269531	0.0
3.6560328006744385	6.4235420227050781	0.0
3.2314167022705078	5.0807189941406250	0.0
2.2893955707550049	4.0229921340942383	0.0
5.7989382743835449	5.2559914588928223	0.0
3.3896846771240234	6.5632400512695312	0.0
2.6535716056823730	5.5602226257324219	0.0
4.6893067359924316	4.8149538040161133	0.0
4.2723073959350586	6.1575908660888672	0.0
3.7430970668792725	4.0968670845031738	0.0
4.7069091796875000	4.0078949928283691	0.0
4.0914382934570312	6.0217890739440918	0.0
2.5106322765350342	5.5779023170471191	0.0
1.7173715829849243	5.2627377510070801	0.0
2.7761871814727783	6.3294963836669922	0.0
1.8189933300018311	6.7985033988952637	0.0
4.5308723449707031	6.8128318786621094	0.0
2.1285221576690674	6.9589452743530273	0.0
2.9958348274230957	5.0565290451049805	0.0
1.1943703889846802	4.5777878761291504	0.0
2.8719363212585449	5.9751138687133789	0.0
1.7701853513717651	7.8481831550598145	0.0
1.3193145990371704	5.4658455848693848	0.0
1.0073524713516235	6.9593143463134766	0.0
3.7584562301635742	5.9643979072570801	0.0
1.9647854566574097	4.5808773040771484	0.0
2.7791507244110107	5.0482449531555176	0.0
3.3097250461578369	4.7384471893310547	0.0
2.3697421550750732	6.7676177024841309	0.0
3.5771043300628662	6.2401733398437500	0.0
2.0471630096435547	6.1786551475524902	0.0
3.3029277324676514	5.5744643211364746	0.0
4.4242920875549316	6.6748843193054199	0.0
2.8586380481719971	8.1296787261962891	0.0
2.5472717285156250	6.1345472335815430	0.0
5.1988825798034668	4.3066635131835938	0.0
2.3476891517639160	4.1888632774353027	0.0
4.1302633285522461	4.6016516685485840	0.0
2.8236916065216064	4.4840087890625000	0.0
4.7354035377502441	4.0495252609252930	0.0
2.1934328079223633	5.5330443382263184	0.0
2.2319295406341553	6.1501274108886719	0.0
3.8318672180175781	4.7640523910522461	0.0
1.4184827804565430	6.0419239997863770	0.0
1.3097249269485474	5.7291913032531738	0.0
3.2922961711883545	6.6443896293640137	0.0
2.6227877140045166	7.2871966361999512	0.0
1.7053127288818359	7.1097831726074219	0.0
1.3105119466781616	5.7182040214538574	0.0
1.6918761730194092	7.8858604431152344	0.0
3.1026639938354492	5.1073160171508789	0.0
5.0097393989562988	6.1086339950561523	0.0
3.3805167675018311	4.8980565071105957	0.0
2.9225707054138184	5.8846025466918945	0.0
3.6214478015899658	6.4037909507751465	0.0
4.0648012161254883	6.3015141487121582	0.0
2.8840427398681641	3.5685706138610840	0.0
4.0324230194091797	7.5020637512207031	0.0
2.7870333194732666	5.7515492439270020	0.0
2.8140375614166260	6.1012210845947266	0.0
2.5693569183349609	5.4862732887268066	0.0
3.1070988178253174	5.0152649879455566	0.0
3.7397210597991943	6.8754806518554688	0.0
1.8967754840850830	5.4337577819824219	0.0
2.7613475322723389	7.6412730216979980	0.0
2.8207678794860840	3.9022300243377686	0.0
2.8380367755889893	5.8601112365722656	0.0
1.8221340179443359	5.2281942367553711	0.0
3.7273201942443848	4.4485125541687012	0.0
3.5054085254669189	6.2392449378967285	0.0
3.0611374378204346	4.2496895790100098	0.0
4.5287666320800781	5.5611476898193359	0.0
4.8879432678222656	6.0807442665100098	0.0
4.5195341110229492	6.7795152664184570	0.0
3.5513103008270264	7.0188946723937988	0.0
4.2448701858520508	5.1252322196960449	0.0
3.6469135284423828	7.0749349594116211	0.0
2.6519694328308105	4.9632067680358887	0.0
2.0743172168731689	5.3528833389282227	0.0
3.4340622425079346	5.3242692947387695	0.0
3.1376569271087646	5.3149056434631348	0.0
4.9400720596313477	4.5134382247924805	0.0
3.4566462039947510	4.8072309494018555	0.0
2.7502782344818115	5.0097117424011230	0.0
6.6948647499084473	-3.3433802127838135	1.0
5.4649500846862793	-6.3373908996582031	1.0
4.0165510177612305	-5.7511119842529297	1.0
5.7531137466430664	-3.7443733215332031	1.0
6.0885558128356934	-3.7772870063781738	1.0
5.9696741104125977	-3.4265143871307373	1.0
6.9082207679748535	-3.8387701511383057	1.0
7.6315441131591797	-3.6855020523071289	1.0
5.6282801628112793	-4.0791683197021484	1.0
6.0815396308898926	-3.4083654880523682	1.0
4.7923917770385742	-4.4765830039978027	1.0
5.1916790008544922	-6.4872841835021973	1.0
7.1709885597229004	-4.7758221626281738	1.0
4.4136590957641602	-4.6086940765380859	1.0
4.4210524559020996	-3.8018960952758789	1.0
3.0489730834960938	-7.5494475364685059	1.0
6.3977084159851074	-5.2161378860473633	1.0
6.0608587265014648	-5.4499897956848145	1.0
5.8794455528259277	-4.0579123497009277	1.0
4.4933233261108398	-5.7897477149963379	1.0
7.8612656593322754	-4.3116788864135742	1.0
6.3107328414916992	-5.7165646553039551	1.0
3.4194507598876953	-1.9404404163360596	1.0
5.7804036140441895	-4.4187645912170410	1.0
6.1666102409362793	-2.8732392787933350	1.0
5.2091331481933594	-5.5692028999328613	1.0
6.7070293426513672	-4.4762477874755859	1.0
6.3333072662353516	-2.4038205146789551	1.0
5.5187096595764160	-2.8528192043304443	1.0
5.4754896163940430	-4.4862308502197266	1.0
4.3585062026977539	-3.9827256202697754	1.0
4.3601174354553223	-4.6692600250244141	1.0
6.9395055770874023	-4.6106615066528320	1.0
6.6486544609069824	-3.1357061862945557	1.0
4.7982015609741211	-4.8314428329467773	1.0
5.1029615402221680	-4.3832945823669434	1.0
5.3930702209472656	-4.2100262641906738	1.0
5.6689872741699219	-3.5938539505004883	1.0
5.4807429313659668	-4.2558975219726562	1.0
6.5936832427978516	-3.8677814006805420	1.0
5.5478725433349609	-5.2805662155151367	1.0
4.6816353797912598	-4.1912283897399902	1.0
6.2555608749389648	-4.7364816665649414	1.0
5.9660210609436035	-3.6848959922790527	1.0
5.1496491432189941	-2.5838930606842041	1.0
4.7805967330932617	-4.5236439704895020	1.0
7.1400127410888672	-5.6962447166442871	1.0
6.0383148193359375	-3.8656826019287109	1.0
7.5289597511291504	-4.3664841651916504	1.0
6.8507428169250488	-4.3797535896301270	1.0
5.2457261085510254	-5.0305190086364746	1.0
6.5894794464111328	-6.0507526397705078	1.0
5.0449657440185547	-2.6591160297393799	1.0
4.7590575218200684	-4.7618031501770020	1.0
3.6522705554962158	-4.7613177299499512	1.0
4.9255118370056152	-4.6883630752563477	1.0
5.0342206954956055	-5.6795768737792969	1.0
4.6823825836181641	-4.7375392913818359	1.0
7.5282421112060547	-2.9067008495330811	1.0
5.4727339744567871	-4.0132441520690918	1.0
4.6250638961791992	-4.1095094680786133	1.0
4.8913931846618652	-3.5293142795562744	1.0
5.9600224494934082	-3.5448665618896484	1.0
4.4509673118591309	-3.4553720951080322	1.0
6.2633209228515625	-4.0423903465270996	1.0
5.3782658576965332	-4.5271997451782227	1.0
7.0216951370239258	-3.5371420383453369	1.0
6.1109433174133301	-6.2774834632873535	1.0
5.5198459625244141	-2.5731987953186035	1.0
4.9210071563720703	-2.3205571174621582	1.0
4.5744404792785645	-4.7537202835083008	1.0
6.3324441909790039	-4.7948212623596191	1.0
4.9123420715332031	-3.6860432624816895	1.0
4.6571297645568848	-5.2678260803222656	1.0
4.8911380767822266	-3.0652253627777100	1.0
6.6887550354003906	-4.6397666931152344	1.0
5.6637792587280273	-3.7710337638854980	1.0
6.2468309402465820	-5.3989739418029785	1.0
6.4000654220581055	-4.9552855491638184	1.0
2.8305037021636963	1.4484518766403198	1.0
5.8927745819091797	-5.9678645133972168	1.0
6.0176210403442383	-4.9177918434143066	1.0
6.8711862564086914	-4.8440194129943848	1.0
5.9819402694702148	-4.6615357398986816	1.0
5.0993213653564453	-5.7069230079650879	1.0
5.3010959625244141	-5.3107380867004395	1.0
6.6695518493652344	-3.5058050155639648	1.0
5.4826354980468750	-5.1370887756347656	1.0
4.5277199745178223	-4.2712998390197754	1.0
5.0334253311157227	-3.8199024200439453	1.0
6.5130376815795898	-3.7125163078308105	1.0
4.6384158134460449	-5.0656433105468750	1.0
5.8923888206481934	-5.1474442481994629	1.0
4.5434823036193848	-6.0888433456420898	1.0
4.8062500953674316	-2.9837360382080078	1.0
4.9363088607788086	-2.9253919124603271	1.0
4.2391638755798340	-5.2364430427551270	1.0
5.6083683967590332	-3.0571775436401367	1.0
3.9956932067871094	-5.4830384254455566	1.0
6.8994231224060059	-3.0843567848205566	1.0
0.6293131709098816	3.2792148590087891	2.0
0.0387051478028297	3.2383551597595215	2.0
-0.2367785274982452	1.2978419065475464	2.0
-2.6631247997283936	3.5428133010864258	2.0
-1.3031920194625854	1.1932903528213501	2.0
-1.4029536247253418	1.6516312360763550	2.0
0.2257526218891144	1.9808124303817749	2.0
-1.7548602819442749	2.6070842742919922	2.0
-1.1909742355346680	2.5197558403015137	2.0
-0.0076869344338775	1.8305907249450684	2.0
1.4565901756286621	1.5030965805053711	2.0
-1.6919224262237549	3.4451787471771240	2.0
0.4726843237876892	1.9689556360244751	2.0
-1.9416736364364624	1.2091838121414185	2.0
-0.4025242030620575	3.6535346508026123	2.0
0.4326302111148834	1.6851872205734253	2.0
0.0815106630325317	1.8940445184707642	2.0
-1.2181408405303955	3.3186478614807129	2.0
-0.9494696855545044	2.6823892593383789	2.0
-1.0556411743164062	3.8988227844238281	2.0
-0.8438555598258972	3.8950994014739990	2.0
-1.0663626194000244	3.3596954345703125	2.0
0.2876814901828766	3.2896864414215088	2.0
-2.7676401138305664	3.1473460197448730	2.0
-0.1444745957851410	2.8478722572326660	2.0
-1.6247360706329346	1.8746833801269531	2.0
-0.3542766869068146	1.0828441381454468	2.0
1.6639180183410645	2.8078923225402832	2.0
1.6246875524520874	3.2476463317871094	2.0
-0.5069763064384460	2.5517566204071045	2.0
-0.5703944563865662	1.5387867689132690	2.0
-1.7259156703948975	2.7101514339447021	2.0
-0.5112030506134033	2.4435877799987793	2.0
0.6067644953727722	2.4393324851989746	2.0
-0.2907445728778839	1.9913233518600464	2.0
0.5189588665962219	3.0086517333984375	2.0
-0.0627806931734085	2.5405013561248779	2.0
-1.1700059175491333	1.1723802089691162	2.0
-0.1917155981063843	1.3081223964691162	2.0
0.4261980354785919	2.5468454360961914	2.0
0.3988577425479889	3.4518003463745117	2.0
-0.3682608008384705	3.3761584758758545	2.0
-0.3758123815059662	3.6931767463684082	2.0
-1.4253150224685669	2.6652464866638184	2.0
-1.4692559242248535	4.1398148536682129	2.0
-1.0624389648437500	3.1761138439178467	2.0
-2.1339373588562012	1.1500935554504395	2.0
0.3069203495979309	2.2167613506317139	2.0
-1.8313987255096436	3.2460124492645264	2.0
-1.4105607271194458	2.7758674621582031	2.0
-2.2828679084777832	1.9969576597213745	2.0
0.1639461070299149	3.6080348491668701	2.0
5.0193166732788086	-2.2297461032867432	2.0
1.0190653800964355	1.9929697513580322	2.0
-0.0121913654729724	2.3930544853210449	2.0
-1.4731225967407227	1.7566485404968262	2.0
-1.7747008800506592	2.8006958961486816	2.0
-1.9706853628158569	1.0229778289794922	2.0
0.7592995762825012	2.8494195938110352	2.0
-0.9757103323936462	2.9975488185882568	2.0
1.2413965463638306	0.4451960325241089	2.0
-0.0389351993799210	2.2501058578491211	2.0
-0.0376977026462555	3.4741008281707764	2.0
-1.3789354562759399	2.0941929817199707	2.0
-0.3510378897190094	2.2402336597442627	2.0
-1.9116407632827759	2.2236661911010742	2.0
-0.1141255274415016	3.2253291606903076	2.0
-1.1623332500457764	2.3341913223266602	2.0
-3.1537988185882568	2.5003707408905029	2.0
-0.9918064475059509	2.6997447013854980	2.0
-0.2167679667472839	2.5942630767822266	2.0
-1.1701165437698364	2.0134017467498779	2.0
-2.2884600162506104	1.1190297603607178	2.0
-0.6301233172416687	2.4595768451690674	2.0
-1.6508555412292480	2.7630383968353271	2.0
-0.6215239763259888	2.5203866958618164	2.0
-0.7359651923179626	3.6567595005035400	2.0
-0.0675615146756172	3.0709578990936279	2.0
-0.9215205907821655	2.8855066299438477	2.0
-0.5143908262252808	2.2935905456542969	2.0
-1.9700322151184082	-4.5813136100769043	2.0
-2.2478170394897461	2.0908896923065186	2.0
1.1179060935974121	2.5355384349822998	2.0
-1.0379800796508789	1.2428992986679077	2.0
-0.1619325578212738	3.1576590538024902	2.0
-0.0542054884135723	3.1029508113861084	2.0
-0.9178356528282166	3.2520766258239746	2.0
-1.1549665927886963	1.7242177724838257	2.0
-0.2570246458053589	2.6934039592742920	2.0
0.3947328627109528	2.5899479389190674	2.0
-0.4153049290180206	1.4188927412033081	2.0
-1.5662184953689575	1.9943684339523315	2.0
-1.0483814477920532	2.9273307323455811	2.0
-0.0281470008194447	2.5463654994964600	2.0
-0.5518671870231628	1.8878087997436523	2.0
-0.9674089550971985	2.5631499290466309	2.0
-1.1324938535690308	2.6429491043090820	2.0
-0.1986770033836365	1.0681864023208618	2.0
0.7739359736442566	2.9303467273712158	2.0
-0.6999302506446838	1.4291812181472778	2.0
-5.6967058181762695	-2.4379522800445557	3.0
-5.1084642410278320	-4.0175266265869141	3.0
-6.5886921882629395	-2.8381915092468262	3.0
-4.5088138580322266	-4.2912993431091309	3.0
-4.9270563125610352	-4.0803742408752441	3.0
-7.1166706085205078	-4.6014709472656250	3.0
-6.5433578491210938	-2.9962866306304932	3.0
2.2289373874664307	1.1522665023803711	3.0
-5.4125900268554688	-2.4142420291900635	3.0
-4.8211565017700195	-2.9822068214416504	3.0
-5.4689178466796875	-3.6009871959686279	3.0
-5.1991996765136719	-3.7529237270355225	3.0
-4.6070065498352051	-2.6211056709289551	3.0
2.4225859642028809	2.5912909507751465	3.0
-5.9064898490905762	-3.7819616794586182	3.0
-5.3141803741455078	-3.5806913375854492	3.0
-7.0172996520996094	-3.9912879467010498	3.0
-4.7562212944030762	-4.9776058197021484	3.0
-5.6450815200805664	-3.8304429054260254	3.0
-5.5516090393066406	-4.2813391685485840	3.0
-5.1475191116333008	-3.1751413345336914	3.0
-3.9215211868286133	-3.3432641029357910	3.0
-6.0704617500305176	-4.6562132835388184	3.0
-3.9118251800537109	-4.1183123588562012	3.0
-7.2172303199768066	-5.5171170234680176	3.0
-4.2706360816955566	-3.9146032333374023	3.0
-6.6994419097900391	-3.8277149200439453	3.0
-3.4959135055541992	-4.6028380393981934	3.0
-6.8889613151550293	-2.2540419101715088	3.0
-5.4019622802734375	-4.0373153686523438	3.0
-6.6428403854370117	-3.5127804279327393	3.0
4.2625045776367188	-2.6243557929992676	3.0
-6.0132107734680176	-4.5375800132751465	3.0
-4.7814502716064453	-2.5822875499725342	3.0
-6.1006240844726562	-3.1261129379272461	3.0
-6.8694972991943359	-3.3455948829650879	3.0
-7.4213938713073730	-3.2531716823577881	3.0
-5.4539709091186523	-3.7842419147491455	3.0
-5.7268610000610352	-2.6319236755371094	3.0
-7.0755453109741211	-3.7840285301208496	3.0
-5.6809983253479004	-2.3142218589782715	3.0
-6.3639135360717773	-4.0530724525451660	3.0
-4.3837242126464844	-3.6324267387390137	3.0
-2.4729673862457275	-3.6997494697570801	3.0
-6.0832071304321289	-4.7454075813293457	3.0
8.3686046600341797	-0.6436827182769775	3.0
-6.6653580665588379	-3.6325297355651855	3.0
-5.5829610824584961	-5.1255846023559570	3.0
-4.4274444580078125	-4.9439682960510254	3.0
-6.4979801177978516	-2.1389248371124268	3.0
-5.7413921356201172	-4.3349013328552246	3.0
-4.9177041053771973	-3.8131732940673828	3.0
-4.9649639129638672	-3.1866927146911621	3.0
-4.8876490592956543	-4.9707102775573730	3.0
-6.4182653427124023	-3.6048438549041748	3.0
-5.8083109855651855	-3.7107377052307129	3.0
-6.2677974700927734	-5.0869932174682617	3.0
-5.0447535514831543	-2.9381034374237061	3.0
-4.3823943138122559	-3.1985194683074951	3.0
-3.9141831398010254	-2.9536273479461670	3.0
-5.3673281669616699	-2.9160878658294678	3.0
-7.6721820831298828	-4.0353341102600098	3.0
-7.0562105178833008	-3.2916562557220459	3.0
-5.2611913681030273	-4.6775231361389160	3.0
-6.7938895225524902	-4.0931954383850098	3.0
-5.9119839668273926	-2.7979283332824707	3.0
-5.3828520774841309	-3.5099465847015381	3.0
-4.2410426139831543	-2.6002705097198486	3.0
-4.8005089759826660	-2.5262250900268555	3.0
-5.1346349716186523	-1.2659505605697632	3.0
-6.0797514915466309	-4.2221417427062988	3.0
-4.3132424354553223	-3.9910783767700195	3.0
-4.1794056892395020	-4.0465860366821289	3.0
-5.8415822982788086	-2.0861847400665283	3.0
-4.4325199127197266	-3.9756925106048584	3.0
-5.3765225410461426	-1.6665323972702026	3.0
-7.9191303253173828	-3.2371177673339844	3.0
-5.0212926864624023	-3.6040091514587402	3.0
-5.6663713455200195	-3.6354427337646484	3.0
-7.0511713027954102	-3.8037130832672119	3.0
-5.6539602279663086	-2.4923739433288574	3.0
-5.6979269981384277	-5.5699110031127930	3.0
-6.1878738403320312	-2.9706919193267822	3.0
-5.5179305076599121	-3.1367158889770508	3.0
-6.2589578628540039	-3.4720356464385986	3.0
-6.3989114761352539	-4.8688249588012695	3.0
-6.4796972274780273	-4.3561730384826660	3.0
-5.3495206832885742	-4.2409062385559082	3.0
-5.9302206039428711	-3.0054593086242676	3.0
-4.6685700416564941	-3.3781208992004395	3.0
-6.3670716285705566	-3.0656280517578125	3.0
-5.5799732208251953	5.7034916877746582	3.0
-6.8505783081054688	-2.4802265167236328	3.0
-5.7782740592956543	-2.8183262348175049	3.0
-5.1106963157653809	-5.0190749168395996	3.0
7.7032017707824707	-1.5153683423995972	3.0
-6.1303830146789551	-2.1352694034576416	3.0
-6.7195091247558594	-2.2271587848663330	3.0
-4.6757006645202637	-2.9394028186798096	3.0
-5.7352123260498047	-2.8789618015289307	3.0
-5.7659692764282227	3.1041758060455322	4.0
-6.5031828880310059	1.5400918722152710	4.0
-5.7306809425354004	2.0408439636230469	4.0
-4.4330883026123047	1.6561181545257568	4.0
-6.3581209182739258	2.7480924129486084	4.0
-5.4274606704711914	3.4786202907562256	4.0
-5.4899797439575195	0.6515486836433411	4.0
-3.5781111717224121	0.9364748597145081	4.0
-6.2902064323425293	2.6778423786163330	4.0
-4.7158203125000000	1.6760132312774658	4.0
-4.3305702209472656	2.3235318660736084	4.0
-6.2145166397094727	4.0751876831054688	4.0
-5.8536605834960938	2.0923812389373779	4.0
-4.6206264495849609	0.6278869509696960	4.0
-6.6423020362854004	1.2298008203506470	4.0
-6.1169662475585938	-0.3156166970729828	4.0
-4.0404973030090332	1.8403555154800415	4.0
-5.8268260955810547	1.8218842744827271	4.0
-5.6418752670288086	4.0325813293457031	4.0
-7.3173804283142090	1.0736550092697144	4.0
-5.4670796394348145	2.6963338851928711	4.0
-5.0862274169921875	2.4148988723754883	4.0
-6.8441486358642578	0.2899801731109619	4.0
-6.4185066223144531	1.3013806343078613	4.0
-4.9046716690063477	1.7248399257659912	4.0
-5.9364924430847168	1.7582406997680664	4.0
-7.2253332138061523	2.1136069297790527	4.0
-5.5635094642639160	3.5168542861938477	4.0
-5.8294019699096680	3.4634752273559570	4.0
-7.0293011665344238	2.7959029674530029	4.0
-3.7443480491638184	2.9979314804077148	4.0
-5.9121217727661133	1.7688189744949341	4.0
-6.4224562644958496	2.0584826469421387	4.0
-5.8047332763671875	1.1675567626953125	4.0
-5.8215141296386719	1.6647784709930420	4.0
-6.1730742454528809	3.0937523841857910	4.0
-6.6891484260559082	3.5185108184814453	4.0
-4.8763670921325684	1.2990050315856934	4.0
-6.4707670211791992	1.7845208644866943	4.0
-6.7979483604431152	2.1748034954071045	4.0
-5.0764360427856445	1.2868530750274658	4.0
-4.6259441375732422	2.2587668895721436	4.0
-4.7892198562622070	3.0621263980865479	4.0
-5.3111262321472168	2.3838500976562500	4.0
-5.1154222488403320	1.6479223966598511	4.0
-4.6596183776855469	2.6696703433990479	4.0
-5.2067060470581055	3.1387932300567627	4.0
-5.9768276214599609	3.1776046752929688	4.0
-5.0557513236999512	0.9926639795303345	4.0
-6.8001246452331543	1.2848730087280273	4.0
-5.7212595939636230	0.5587845444679260	4.0
-4.6234240531921387	2.4320180416107178	4.0
-5.5726394653320312	1.8168215751647949	4.0
-5.4231195449829102	1.9694575071334839	4.0
-4.4328012466430664	1.0660936832427979	4.0
-5.1751184463500977	2.3107364177703857	4.0
-4.5660252571105957	2.8648078441619873	4.0
-5.8185729980468750	1.5369883775711060	4.0
-5.7900362014770508	2.7114822864532471	4.0
-6.1804080009460449	1.0999938249588013	4.0
-4.8761887550354004	2.5207903385162354	4.0
-5.2127566337585449	0.6152520775794983	4.0
-6.3657269477844238	0.7811118960380554	4.0
-6.3619327545166016	2.2479164600372314	4.0
-6.2461390495300293	0.6142386198043823	4.0
6.9366893768310547	5.2898025512695312	4.0
-5.2517132759094238	3.4305384159088135	4.0
-4.2690668106079102	1.9773129224777222	4.0
-5.2594013214111328	2.3900561332702637	4.0
-7.7887420654296875	2.5682160854339600	4.0
-6.2787132263183594	2.2365467548370361	4.0
-5.0138216018676758	4.0027027130126953	4.0
-5.6077752113342285	2.6708221435546875	4.0
-5.5773935317993164	2.4237895011901855	4.0
-4.1990089416503906	1.4179680347442627	4.0
-4.9470391273498535	0.5501434803009033	4.0
-6.7134313583374023	2.6618952751159668	4.0
6.8219122886657715	5.2149853706359863	4.0
-7.0645084381103516	3.2429645061492920	4.0
-5.2409405708312988	1.0118498802185059	4.0
-5.5781607627868652	2.9416866302490234	4.0
-4.2469882965087891	1.0035561323165894	4.0
-6.3351426124572754	2.1007289886474609	4.0
-7.2733049392700195	3.5258724689483643	4.0
-7.1895775794982910	0.5228645801544189	4.0
-5.0788540840148926	1.7175371646881104	4.0
7.4310431480407715	4.0998678207397461	4.0
-5.1481389999389648	1.3153808116912842	4.0
0.7089566588401794	5.1185455322265625	4.0
6.8866863250732422	3.7808225154876709	4.0
-5.9253864288330078	2.3660857677459717	4.0
-5.6032972335815430	0.9182873964309692	4.0
-4.6089887619018555	1.7495374679565430	4.0
-6.8552308082580566	2.1595785617828369	4.0
-5.4905805587768555	2.1616740226745605	4.0
-4.2336163520812988	1.6486943960189819	4.0
-6.1358523368835449	1.6792137622833252	4.0
-6.9488320350646973	3.5487649440765381	4.0
-5.8426227569580078	2.6746346950531006	4.0
-6.0306429862976074	3.6707148551940918	4.0
-2.6315040588378906	7.3102250099182129	5.0
-3.8914046287536621	7.1434440612792969	5.0
0.0560461282730103	6.8730063438415527	5.0
-3.3812780380249023	4.5705165863037109	5.0
-3.1464238166809082	4.5932459831237793	5.0
-2.3791601657867432	7.4116754531860352	5.0
-2.5205140113830566	8.7133703231811523	5.0
-3.2869882583618164	5.6130952835083008	5.0
-3.1077594757080078	7.1420211791992188	5.0
-2.9381046295166016	6.6151156425476074	5.0
-2.1162023544311523	5.6075754165649414	5.0
-5.2783756256103516	6.7262983322143555	5.0
-3.1390373706817627	6.4230265617370605	5.0
-0.6618643403053284	7.7832689285278320	5.0
-2.8133561611175537	8.2378120422363281	5.0
-3.9567406177520752	7.8539724349975586	5.0
-2.7211778163909912	4.7592639923095703	5.0
-2.1336135864257812	8.2209739685058594	5.0
-1.6954020261764526	6.1437482833862305	5.0
-2.5950779914855957	6.9995388984680176	5.0
-3.9005980491638184	6.8925418853759766	5.0
-4.0208306312561035	5.9793777465820312	5.0
-2.9084928035736084	8.0509576797485352	5.0
-4.1570024490356445	5.6505751609802246	5.0
-2.2337350845336914	6.7911186218261719	5.0
-2.8512322902679443	6.1387438774108887	5.0
-1.5778626203536987	8.3299150466918945	5.0
-2.2179312705993652	7.3893771171569824	5.0
-2.0061423778533936	6.5280976295471191	5.0
-2.2079203128814697	6.0809712409973145	5.0
-2.8563611507415771	7.6740846633911133	5.0
-1.2791537046432495	6.3936028480529785	5.0
-1.8332821130752563	8.4740381240844727	5.0
-1.4997879266738892	7.1879572868347168	5.0
-1.2421444654464722	5.2457575798034668	5.0
-0.6071423888206482	5.5281906127929688	5.0
-2.1535112857818604	6.1653571128845215	5.0
-3.6509881019592285	7.5072789192199707	5.0
-3.3777570724487305	5.0180206298828125	5.0
-2.1329483985900879	7.4500637054443359	5.0
-3.2386536598205566	6.4458818435668945	5.0
-3.9971601963043213	8.2349605560302734	5.0
-4.5618162155151367	5.4749832153320312	5.0
-3.0853328704833984	6.4831776618957520	5.0
-2.4007606506347656	7.5667905807495117	5.0
-0.5599554777145386	5.5689396858215332	5.0
-1.9783495664596558	6.7943348884582520	5.0
-1.9159430265426636	6.7432465553283691	5.0
-3.4483900070190430	6.3528542518615723	5.0
-3.2286386489868164	6.1778593063354492	5.0
-1.6828669309616089	8.2102003097534180	5.0
-2.3263964653015137	7.7365307807922363	5.0
-2.5625028610229492	7.0570187568664551	5.0
-1.0799609422683716	7.7885684967041016	5.0
-3.2999262809753418	5.7515711784362793	5.0
-2.5829782485961914	6.9229478836059570	5.0
-2.8498167991638184	6.7983083724975586	5.0
-1.1810767650604248	7.1519441604614258	5.0
-2.8850896358489990	6.1089358329772949	5.0
-1.7030204534530640	5.8672566413879395	5.0
-4.0371885299682617	8.3878955841064453	5.0
-2.7721242904663086	7.5906195640563965	5.0
-3.0960848331451416	5.8769578933715820	5.0
-1.1666175127029419	8.1839799880981445	5.0
-1.1297060251235962	7.2755270004272461	5.0
-2.1637802124023438	5.1683650016784668	5.0
-2.4282052516937256	6.2202410697937012	5.0
-1.5592108964920044	7.0157570838928223	5.0
-2.7459371089935303	5.3626375198364258	5.0
-2.2912931442260742	5.8448510169982910	5.0
-0.9874071478843689	5.8968272209167480	5.0
-3.2963697910308838	8.6298646926879883	5.0
-2.7641963958740234	6.0538558959960938	5.0
-2.0842256546020508	7.3120388984680176	5.0
-3.7397370338439941	7.2269253730773926	5.0
-3.1606628894805908	7.0288658142089844	5.0
-1.9621611833572388	6.2856931686401367	5.0
-2.1592235565185547	8.2353849411010742	5.0
-2.5477297306060791	6.9611544609069824	5.0
-1.9386594295501709	6.7472810745239258	5.0
-2.6840693950653076	7.0052795410156250	5.0
-0.8975101113319397	6.5793890953063965	5.0
-2.6223235130310059	7.7416687011718750	5.0
-1.4127768278121948	6.7541055679321289	5.0
-3.3192617893218994	7.3621492385864258	5.0
-0.0709043592214584	5.9476618766784668	5.0
-1.3102004528045654	5.2799811363220215	5.0
-1.4345594644546509	7.1083846092224121	5.0
-1.6820579767227173	5.9031538963317871	5.0
-2.7737932205200195	7.2890949249267578	5.0
-3.3159432411193848	9.2235994338989258	5.0
-4.1942853927612305	6.7729601860046387	5.0
-1.9866728782653809	6.9607696533203125	5.0
-4.0149497985839844	5.5059003829956055	5.0
-2.1726367473602295	9.2506170272827148	5.0
-3.4423365592956543	7.5222849845886230	5.0
-2.4956405162811279	6.7923612594604492	5.0
-3.5075342655181885	6.0993509292602539	5.0
-1.1251618862152100	7.4065065383911133	5.0
-2.3371682167053223	5.1877198219299316	5.0
3.6965978145599365	2.1131031513214111	6.0
6.1491074562072754	0.6114229559898376	6.0
4.4222626686096191	0.4911902844905853	6.0
3.6724450588226318	1.0548461675643921	6.0
3.5754501819610596	0.1055832728743553	6.0
4.3304910659790039	-0.8874022960662842	6.0
6.1332435607910156	0.8168552517890930	6.0
3.7478456497192383	0.8613351583480835	6.0
5.6261897087097168	1.6393408775329590	6.0
4.6811504364013672	1.0040303468704224	6.0
5.3096437454223633	1.7357559204101562	6.0
6.4615216255187988	-1.0655876398086548	6.0
4.8032703399658203	0.4043605327606201	6.0
6.2408428192138672	-0.0072459210641682	6.0
6.8518834114074707	0.8968191742897034	6.0
3.8234090805053711	1.7144445180892944	6.0
5.6433119773864746	2.2972810268402100	6.0
5.4851446151733398	1.6751576662063599	6.0
4.3003163337707520	-0.8080554008483887	6.0
3.4702136516571045	0.2337836474180222	6.0
4.2105221748352051	0.3932667970657349	6.0
5.9591312408447266	0.9505509138107300	6.0
5.7058677673339844	0.9697098135948181	6.0
5.7107853889465332	1.6836153268814087	6.0
5.4039559364318848	-0.5014343261718750	6.0
3.4761934280395508	0.7431676387786865	6.0
5.5520019531250000	-0.9312382936477661	6.0
4.5697827339172363	0.5258403420448303	6.0
4.0757069587707520	0.8989694118499756	6.0
4.9140124320983887	-0.0372383669018745	6.0
4.2276253700256348	0.1922860145568848	6.0
4.6069583892822266	1.1700496673583984	6.0
4.4384245872497559	0.7936195135116577	6.0
4.6726899147033691	1.2902181148529053	6.0
6.7191734313964844	1.1724377870559692	6.0
5.0221118927001953	0.5587043762207031	6.0
5.9400405883789062	0.8608214259147644	6.0
4.4294867515563965	-0.2468479126691818	6.0
4.9459547996520996	1.5401207208633423	6.0
4.2828702926635742	0.2871690094470978	6.0
6.1398668289184570	1.7095835208892822	6.0
5.9388580322265625	0.2461557686328888	6.0
4.9802865982055664	1.8288714885711670	6.0
6.2975406646728516	2.3557853698730469	6.0
4.6941862106323242	2.2202870845794678	6.0
5.7715301513671875	0.2597375512123108	6.0
5.7137732505798340	0.7132080793380737	6.0
4.7785301208496094	1.6047061681747437	6.0
5.4233937263488770	1.5769352912902832	6.0
3.9403846263885498	0.3156054913997650	6.0
6.3795380592346191	0.4436256289482117	6.0
4.1869769096374512	0.6861039400100708	6.0
4.2495937347412109	1.6115431785583496	6.0
6.8034958839416504	1.0457186698913574	6.0
6.5390248298645020	1.9223119020462036	6.0
3.7250838279724121	1.8834687471389771	6.0
4.8134188652038574	-0.0302328355610371	6.0
4.4255609512329102	1.1278834342956543	6.0
4.3884625434875488	1.2883793115615845	6.0
5.9822025299072266	2.2204470634460449	6.0
4.9459834098815918	1.5412836074829102	6.0
5.7558717727661133	1.1865351200103760	6.0
3.6313569545745850	0.5080721974372864	6.0
6.5710902214050293	1.8297381401062012	6.0
3.9288151264190674	0.2058574110269547	6.0
4.7365393638610840	0.7056934833526611	6.0
4.3513822555541992	0.0348731428384781	6.0
4.5662670135498047	1.5296126604080200	6.0
4.5449614524841309	-1.7944985628128052	6.0
5.1512422561645508	2.8717677593231201	6.0
4.7459454536437988	0.3988702893257141	6.0
5.7609171867370605	0.6694480180740356	6.0
4.9754538536071777	0.4284537434577942	6.0
3.8017513751983643	2.2600772380828857	6.0
3.9652230739593506	0.2140383422374725	6.0
-6.4881625175476074	6.1133961677551270	6.0
5.0520362854003906	0.6515905857086182	6.0
5.4035654067993164	0.8840769529342651	6.0
5.0900678634643555	2.2541711330413818	6.0
-6.3485016822814941	7.6964998245239258	6.0
5.0407938957214355	1.3690903186798096	6.0
4.7008523941040039	0.1666010916233063	6.0
5.2726936340332031	0.0362628996372223	6.0
4.4033279418945312	2.2773225307464600	6.0
-6.6441755294799805	7.5635013580322266	6.0
6.6821203231811523	-0.3655553460121155	6.0
3.7887265682220459	1.7005892992019653	6.0
4.7180762290954590	0.3269445300102234	6.0
5.9339489936828613	1.6340028047561646	6.0
5.4104409217834473	1.1011521816253662	6.0
4.8572683334350586	1.4143347740173340	6.0
5.1432385444641113	2.8277170658111572	6.0
4.3374071121215820	2.0528373718261719	6.0
6.1613264083862305	1.8688694238662720	6.0
3.0826787948608398	0.8767454028129578	6.0
3.9517605304718018	0.2122758626937866	6.0
5.1092414855957031	-0.9913548231124878	6.0
7.3628087043762207	1.6686977148056030	6.0
5.6213378906250000	-0.0896268784999847	6.0
3.9678866863250732	1.7364487648010254	6.0
-1.6743229627609253	-2.8161151409149170	7.0
-0.7737461328506470	-1.4865951538085938	7.0
-1.8599070310592651	-1.1065438985824585	7.0
2.5871262550354004	0.0793558731675148	7.0
-0.5314553976058960	-3.1247189044952393	7.0
-3.2082273960113525	-2.8398182392120361	7.0
-0.3618186712265015	-0.7855943441390991	7.0
1.3125215768814087	0.0142203541472554	7.0
-1.6786451339721680	-1.4716331958770752	7.0
-1.3810281753540039	-0.5495373010635376	7.0
-0.1554658412933350	-1.1887891292572021	7.0
-1.1510028839111328	-1.0376279354095459	7.0
-2.4607448577880859	-2.1379916667938232	7.0
-1.5207588672637939	-2.1104993820190430	7.0
-1.2826035022735596	-1.4355350732803345	7.0
-0.4187596440315247	-0.8018975257873535	7.0
-1.0508477687835693	-0.6596008539199829	7.0
-0.7690959572792053	-0.4774533212184906	7.0
0.0635203197598457	-0.2331932187080383	7.0
-0.6708650588989258	-1.8821798563003540	7.0
-1.8707661628723145	-2.5095696449279785	7.0
-0.4817266166210175	-0.8340164422988892	7.0
-2.7882547378540039	-1.4446671009063721	7.0
-0.3750728666782379	-1.0141716003417969	7.0
-1.4033646583557129	-2.5704090595245361	7.0
-1.1440987586975098	-0.7773151993751526	7.0
-1.2012829780578613	-2.7956211566925049	7.0
1.9306317567825317	0.5751578807830811	7.0
-1.2318444252014160	-2.5386648178100586	7.0
-1.8073302507400513	-1.7683672904968262	7.0
-2.6619334220886230	-0.8586435914039612	7.0
-0.7525206804275513	-1.9019984006881714	7.0
-0.8620802760124207	-1.4881376028060913	7.0
-1.9071441888809204	-1.2187604904174805	7.0
-1.7855783700942993	-1.2379494905471802	7.0
-0.8085960149765015	-3.8029088973999023	7.0
-1.6267657279968262	-1.3155133724212646	7.0
-0.5829889774322510	-1.3057425022125244	7.0
-1.3731596469879150	-1.0149271488189697	7.0
-1.0810372829437256	-1.9289158582687378	7.0
0.5741790533065796	0.4644811153411865	7.0
-1.3547166585922241	-3.4581909179687500	7.0
0.5048084855079651	8.5935964584350586	7.0
-0.9720762968063354	-0.6412393450737000	7.0
-2.2075560092926025	-1.0112769603729248	7.0
0.1781160384416580	-0.5522041320800781	7.0
-0.6867133975028992	0.6552865505218506	7.0
0.5538308024406433	-0.5118571519851685	7.0
-1.7957034111022949	-0.8354521393775940	7.0
-0.9836847782135010	-2.7290267944335938	7.0
-1.7255132198333740	-1.9653928279876709	7.0
-1.0021216869354248	-2.4781303405761719	7.0
-1.7688505649566650	-2.8210682868957520	7.0
-3.1094486713409424	-1.4853537082672119	7.0
-1.0887612104415894	-0.7987673878669739	7.0
-1.1879471540451050	-2.3495178222656250	7.0
-1.6885460615158081	-1.9174965620040894	7.0
-1.2793323993682861	-1.4044986963272095	7.0
-2.2787675857543945	-0.3125050663948059	7.0
-1.6676932573318481	-1.4922701120376587	7.0
-2.0650010108947754	-2.1792099475860596	7.0
-0.1214673966169357	-0.4029061794281006	7.0
1.8886115550994873	0.0158071629703045	7.0
0.8837978839874268	0.3466690480709076	7.0
-2.7066249847412109	-1.2742494344711304	7.0
-2.6954102516174316	1.0007017850875854	7.0
-0.9163423776626587	-0.0012898729182780	7.0
-1.1948989629745483	-0.7825845479965210	7.0
-0.2715917527675629	-0.6703544259071350	7.0
-0.0208756104111671	-1.0317064523696899	7.0
-0.4867478311061859	-0.7979380488395691	7.0
-0.8105934858322144	-1.6797921657562256	7.0
-2.6201310157775879	0.2985639870166779	7.0
-0.6578227281570435	-1.8758908510208130	7.0
-2.2674658298492432	-1.0927648544311523	7.0
-0.6303485631942749	-1.4745903015136719	7.0
-2.7679078578948975	0.1015844196081161	7.0
0.3200542032718658	0.4582463502883911	7.0
-1.5005013942718506	-2.3366379737854004	7.0
-0.6468461155891418	-1.6746306419372559	7.0
-1.6972709894180298	-0.6302845478057861	7.0
-2.8475787639617920	-2.8246119022369385	7.0
0.3157404363155365	-0.7341647744178772	7.0
-1.1403274536132812	-2.6996302604675293	7.0
-0.6513709425926208	-1.3580698966979980	7.0
-2.1418390274047852	-1.8334792852401733	7.0
-2.0989830493927002	0.0276406947523355	7.0
0.3217553794384003	-0.7455995082855225	7.0
-0.4673101007938385	-1.0975089073181152	7.0
-1.4152449369430542	-1.7451316118240356	7.0
-0.2673299312591553	-1.3506120443344116	7.0
-1.6153854131698608	-0.4632821977138519	7.0
-1.7674679756164551	-0.2291314601898193	7.0
-1.1791608333587646	-2.6156558990478516	7.0
-0.3461935818195343	-0.6464556455612183	7.0
-2.1157808303833008	-1.0352610349655151	7.0
-1.9573694467544556	-0.0264688022434711	7.0
-1.3400734663009644	0.0886528044939041	7.0
1.1317096948623657	-0.2078981995582581	7.0
-1.2049868106842041	-0.2911188304424286	7.0
1.3708488941192627	-2.3859803676605225	8.0
2.7437252998352051	-2.1453547477722168	8.0
1.3370044231414795	-2.1850614547729492	8.0
2.5171294212341309	-2.0477476119995117	8.0
1.8328330516815186	-3.9181609153747559	8.0
-2.2712905406951904	-3.3283612728118896	8.0
1.5928616523742676	-2.5672583580017090	8.0
1.2338659763336182	-4.4431004524230957	8.0
2.3755872249603271	-1.6948496103286743	8.0
1.8117460012435913	-1.4848437309265137	8.0
0.3924364447593689	-2.8311119079589844	8.0
1.2000463008880615	-2.4190528392791748	8.0
2.5073857307434082	-4.3420233726501465	8.0
0.4068141579627991	-2.8570139408111572	8.0
0.8761160969734192	-2.6316721439361572	8.0
0.9731603264808655	-2.5578389167785645	8.0
2.2099540233612061	-4.8415846824645996	8.0
1.1874804496765137	-3.5699052810668945	8.0
1.1369186639785767	-2.3248474597930908	8.0
1.5569895505905151	-2.5156190395355225	8.0
1.4388755559921265	-2.3985888957977295	8.0
1.4913350343704224	-2.7443962097167969	8.0
0.7406704425811768	-2.6371121406555176	8.0
1.0770356655120850	-2.7730181217193604	8.0
0.9989260435104370	-3.6520318984985352	8.0
0.8659282326698303	-4.6981134414672852	8.0
0.6347302794456482	-3.8984832763671875	8.0
1.8700284957885742	-3.1072781085968018	8.0
1.2969325780868530	-1.7878849506378174	8.0
2.3580403327941895	-2.4234688282012939	8.0
2.8704202175140381	-1.9263736009597778	8.0
3.0410726070404053	-2.5107100009918213	8.0
2.3874254226684570	-2.8052947521209717	8.0
1.4639357328414917	-2.1088249683380127	8.0
1.2840802669525146	-1.6423836946487427	8.0
1.6619803905487061	-2.5618829727172852	8.0
8.5678386688232422	1.0532643795013428	8.0
2.1705517768859863	-1.8572565317153931	8.0
1.9203615188598633	-3.3720052242279053	8.0
2.7328462600708008	-3.0145838260650635	8.0
1.6220418214797974	0.7178308367729187	8.0
2.1472692489624023	-0.6972671747207642	8.0
1.6478478908538818	-3.1156253814697266	8.0
-3.1201353073120117	3.9803843498229980	8.0
-0.2319778352975845	-3.7446377277374268	8.0
1.6235853433609009	-1.4638544321060181	8.0
1.4261168241500854	-2.7350957393646240	8.0
2.2323720455169678	-3.0981559753417969	8.0
1.0115392208099365	-2.7079746723175049	8.0
2.1993992328643799	-2.4583320617675781	8.0
2.3080370426177979	-1.4567488431930542	8.0
3.3893027305603027	-1.4961677789688110	8.0
1.9717755317687988	-4.1503829956054688	8.0
-4.0148272514343262	-1.3249621391296387	8.0
1.3012715578079224	-4.2923812866210938	8.0
1.4857687950134277	-2.3768002986907959	8.0
2.0011522769927979	-2.8053154945373535	8.0
-0.0593006983399391	-3.3916044235229492	8.0
2.0373914241790771	-2.6693313121795654	8.0
2.4533448219299316	-1.8946697711944580	8.0
2.2532548904418945	0.9003158807754517	8.0
1.1979235410690308	-3.7672035694122314	8.0
1.1963908672332764	-2.4010210037231445	8.0
1.3499743938446045	-1.9027657508850098	8.0
-0.0191435050219297	-4.4324555397033691	8.0
-3.9597625732421875	-0.2164153307676315	8.0
2.5833482742309570	-1.3993078470230103	8.0
1.5401504039764404	-3.4893608093261719	8.0
1.9495881795883179	-1.1058044433593750	8.0
1.1308199167251587	-2.9687445163726807	8.0
1.8254219293594360	-1.1203268766403198	8.0
2.3553130626678467	-4.0741848945617676	8.0
1.7847820520401001	-3.1374819278717041	8.0
-1.2234715223312378	-4.0674409866333008	8.0
0.7046817541122437	-1.7325906753540039	8.0
2.8562960624694824	-1.2159627676010132	8.0
1.9743034839630127	-1.4443413019180298	8.0
2.4103271961212158	-3.4208636283874512	8.0
2.5979220867156982	-2.0382390022277832	8.0
2.0412635803222656	-2.3289308547973633	8.0
1.1176431179046631	-3.5802981853485107	8.0
1.7404922246932983	-2.9573049545288086	8.0
1.6418542861938477	-2.2142322063446045	8.0
0.5793974995613098	-3.3483705520629883	8.0
2.0235855579376221	-2.3259327411651611	8.0
0.2811610102653503	-2.8415572643280029	8.0
1.0546642541885376	-4.0646758079528809	8.0
2.5728757381439209	-2.8869931697845459	8.0
1.6526519060134888	-2.0546495914459229	8.0
1.5906903743743896	-2.7961471080780029	8.0
1.5413824319839478	-4.2747511863708496	8.0
1.7012211084365845	-1.0585018396377563	8.0
3.7183151245117188	-2.5063681602478027	8.0
1.3031275272369385	-2.2090322971343994	8.0
1.5619647502899170	-2.6327731609344482	8.0
1.4954338073730469	-0.7510505318641663	8.0
1.1020258665084839	1.2199659347534180	8.0
0.1920967847108841	-4.0119872093200684	8.0
2.8649644851684570	-2.6823291778564453	8.0
2.9716410636901855	-3.2497344017028809	8.0
-1.5441042184829712	-4.5395388603210449	9.0
0.4148006141185760	-5.9280667304992676	9.0
-0.8386623859405518	-7.8684625625610352	9.0
-0.7129423618316650	-5.8958139419555664	9.0
-0.7961200475692749	-5.5754928588867188	9.0
-0.8930986523628235	-5.7033400535583496	9.0
-2.4427769184112549	-8.2969741821289062	9.0
-0.9813680052757263	-5.5464220046997070	9.0
-0.7491719126701355	-7.3147211074829102	9.0
-1.7760959863662720	-6.3630537986755371	9.0
-0.6130616664886475	-6.9620714187622070	9.0
-2.0886645317077637	-6.4489736557006836	9.0
-3.1828398704528809	-7.0524897575378418	9.0
-0.4967258274555206	-8.2664155960083008	9.0
-1.2250376939773560	-5.2725629806518555	9.0
-1.2694193124771118	-7.3977136611938477	9.0
-2.5078833103179932	-7.5050497055053711	9.0
0.5991975069046021	-8.8477621078491211	9.0
1.1100355386734009	-6.2751169204711914	9.0
-1.1289325952529907	-7.7756137847900391	9.0
-0.2235694229602814	-8.1187829971313477	9.0
0.5205026268959045	-7.2780599594116211	9.0
-2.1466348171234131	-7.8145933151245117	9.0
-1.5454206466674805	-6.5800018310546875	9.0
0.5819329619407654	-7.0789170265197754	9.0
-0.7937290072441101	-6.1887636184692383	9.0
-3.3983283042907715	-6.2764415740966797	9.0
-1.6575957536697388	-7.5954823493957520	9.0
-0.9268264770507812	-8.5515995025634766	9.0
-0.2736564874649048	-7.3749723434448242	9.0
-1.0073659420013428	-6.7908158302307129	9.0
-2.8236472606658936	-6.5031723976135254	9.0
0.3409371376037598	-7.0981125831604004	9.0
-0.7283120155334473	-5.9463047981262207	9.0
-1.2470927238464355	-6.7164158821105957	9.0
0.4880510270595551	-5.3643803596496582	9.0
-1.6692782640457153	-6.3905100822448730	9.0
0.3784852027893066	-8.1670827865600586	9.0
-1.6137657165527344	-7.4533767700195312	9.0
-2.3266797065734863	-6.5339717864990234	9.0
0.1409501880407333	-5.9252333641052246	9.0
-2.5530767440795898	-6.8482151031494141	9.0
-1.9661492109298706	-6.9613318443298340	9.0
-3.9281113147735596	-7.3592467308044434	9.0
0.6569073796272278	-7.5521707534790039	9.0
-0.5576958656311035	-8.7958860397338867	9.0
-1.4439853429794312	-7.1818513870239258	9.0
-0.2147763222455978	-7.2927489280700684	9.0
0.8433498740196228	-7.4344806671142578	9.0
2.1347038745880127	1.7655153274536133	9.0
-0.2837930321693420	-5.7161240577697754	9.0
1.5787730216979980	-7.4973959922790527	9.0
0.8761775493621826	-6.5935449600219727	9.0
-0.0281809847801924	-7.3895578384399414	9.0
-2.3879487514495850	-6.0926365852355957	9.0
1.6703076362609863	-6.9909553527832031	9.0
-0.1273051351308823	-8.4375181198120117	9.0
0.2590588629245758	-6.2541799545288086	9.0
-1.4339776039123535	-5.1585993766784668	9.0
-1.2526538372039795	-6.1924018859863281	9.0
-0.3792597353458405	-5.9519181251525879	9.0
-1.4201438426971436	-6.6045637130737305	9.0
-1.3166426420211792	-7.1780724525451660	9.0
-0.5535674095153809	-8.4674148559570312	9.0
-2.9967606067657471	-6.4321022033691406	9.0
0.0932221338152885	-5.4912447929382324	9.0
-2.3358018398284912	-6.4712610244750977	9.0
0.0453467220067978	-5.8832087516784668	9.0
-0.8858388066291809	-6.6435589790344238	9.0
-0.5979239940643311	-8.0253753662109375	9.0
-2.2522554397583008	-8.0917129516601562	9.0
-0.5538830757141113	-5.8363170623779297	9.0
0.3529213070869446	-7.6471848487854004	9.0
-2.8279433250427246	-5.4619717597961426	9.0
-2.2430195808410645	-7.1685242652893066	9.0
-2.3791942596435547	-7.2920069694519043	9.0
-0.7314117550849915	-6.4286623001098633	9.0
-0.3166847229003906	-6.8944110870361328	9.0
-0.1489550471305847	-7.1446657180786133	9.0
-0.3362874090671539	-7.3094654083251953	9.0
0.1953435838222504	-6.1984429359436035	9.0
-0.3264127075672150	-6.9616165161132812	9.0
-0.9059957265853882	-7.0756902694702148	9.0
0.4772045314311981	-6.2997856140136719	9.0
-0.5635952353477478	-7.3738250732421875	9.0
-2.4420733451843262	-6.5033626556396484	9.0
-1.6440800428390503	-5.7521390914916992	9.0
0.6363006234169006	-6.6058902740478516	9.0
-0.6370532512664795	-7.3148479461669922	9.0
-0.6268433928489685	-5.9901299476623535	9.0
-0.2746811807155609	-6.4890804290771484	9.0
1.1489948034286499	-8.0388879776000977	9.0
-1.4272102117538452	-8.7780952453613281	9.0
-2.0219042301177979	-7.3824572563171387	9.0
-3.0694067478179932	-7.8799042701721191	9.0
-0.0279624164104462	-8.2374448776245117	9.0
0.0662779510021210	-6.8696565628051758	9.0
-1.2225850820541382	-7.6229538917541504	9.0
-2.0558562278747559	-6.9332108497619629	9.0
-0.6237054467201233	-6.2485985755920410	9.0
