3.3964116573333740	6.4118666648864746	0.0
2.9974811077117920	6.8114032745361328	0.0
3.5218806266784668	6.4072508811950684	0.0
2.9927568435668945	6.6192378997802734	0.0
3.5601344108581543	6.2103013992309570	0.0
3.9924621582031250	5.8772850036621094	0.0
2.3093168735504150	5.6308579444885254	0.0
3.5537185668945312	6.3087859153747559	0.0
2.9451854228973389	6.3644657135009766	0.0
3.2950975894927979	4.9152317047119141	0.0
3.8821237087249756	5.7916626930236816	0.0
3.2205612659454346	5.3240094184875488	0.0
3.0040340423583984	5.7862854003906250	0.0
3.3088433742523193	5.9867401123046875	0.0
4.3652601242065430	6.5445251464843750	0.0
3.7777173519134521	5.7722702026367188	0.0
2.8635094165802002	4.2856307029724121	0.0
3.7311108112335205	6.6539664268493652	0.0
3.2543206214904785	5.5888624191284180	0.0
2.8366711139678955	4.9757375717163086	0.0
4.9424982070922852	5.7547698020935059	0.0
3.6014869213104248	6.4803566932678223	0.0
3.1359651088714600	6.0957241058349609	0.0
4.1983909606933594	5.5149030685424805	0.0
4.1713519096374512	6.2928481101989746	0.0
3.6691012382507324	5.4175305366516113	0.0
4.1834654808044434	4.9431715011596680	0.0
3.8789732456207275	6.1683225631713867	0.0
2.9481587409973145	5.9047522544860840	0.0
2.4419813156127930	5.6662263870239258	0.0
3.4236283302307129	6.3730678558349609	0.0
2.3135478496551514	6.4217181205749512	0.0
4.1684989929199219	6.3547902107238770	0.0
2.6748809814453125	6.4700798988342285	0.0
3.3648705482482910	5.8304119110107422	0.0
2.4131546020507812	5.0092630386352539	0.0
3.3006441593170166	6.2277793884277344	0.0
2.2864003181457520	7.2076997756958008	0.0
2.6177625656127930	5.9450173377990723	0.0
2.4518413543701172	6.5290131568908691	0.0
3.7238435745239258	6.3614826202392578	0.0
2.6427125930786133	5.6434946060180664	0.0
3.2778389453887939	5.9012608528137207	0.0
3.4065034389495850	5.5189270973205566	0.0
3.2961564064025879	6.6920413970947266	0.0
3.6638035774230957	6.6601185798645020	0.0
2.3868579864501953	6.1966409683227539	0.0
3.5223281383514404	6.3627104759216309	0.0
4.3375272750854492	6.7699308395385742	0.0
2.9785141944885254	7.2774767875671387	0.0
2.9298951625823975	6.3893270492553711	0.0
4.3894205093383789	5.2119898796081543	0.0
2.9163227081298828	5.1915082931518555	0.0
3.8343622684478760	5.2091975212097168	0.0
3.2350435256958008	5.0559873580932617	0.0
4.2065753936767578	4.9858961105346680	0.0
2.7400965690612793	6.2060871124267578	0.0
2.8232636451721191	6.2099742889404297	0.0
3.5852420330047607	5.3160347938537598	0.0
2.5988004207611084	6.0219759941101074	0.0
2.2474946975708008	5.9479684829711914	0.0
3.5626692771911621	6.4860339164733887	0.0
2.8862586021423340	6.9220099449157715	0.0
2.3819351196289062	6.6542744636535645	0.0
2.3447914123535156	5.9456038475036621	0.0
2.1999382972717285	7.2515521049499512	0.0
3.1216163635253906	5.3997607231140137	0.0
4.4793796539306641	6.1551003456115723	0.0
3.3433930873870850	5.4196505546569824	0.0
3.2177281379699707	6.0449943542480469	0.0
3.6465375423431396	6.4601726531982422	0.0
3.9481282234191895	6.4373946189880371	0.0
3.0812888145446777	4.8958144187927246	0.0
3.9512805938720703	7.2408885955810547	0.0
3.0796923637390137	5.8851895332336426	0.0
3.1201250553131104	6.6668248176574707	0.0
3.1238656044006348	6.0177631378173828	0.0
3.0117797851562500	5.4238910675048828	0.0
3.8455660343170166	6.8315105438232422	0.0
2.5193128585815430	5.7526140213012695	0.0
2.9676911830902100	7.1472258567810059	0.0
3.3418302536010742	5.1533670425415039	0.0
3.3212592601776123	6.1330041885375977	0.0
2.8071851730346680	5.9004802703857422	0.0
3.6679253578186035	5.1519403457641602	0.0
3.6412942409515381	6.2413034439086914	0.0
3.0766351222991943	5.3476862907409668	0.0
3.9835321903228760	5.7640829086303711	0.0
4.4009590148925781	6.0230402946472168	0.0
4.2109308242797852	6.3113508224487305	0.0
3.6194779872894287	6.9751286506652832	0.0
3.8029592037200928	5.8216900825500488	0.0
3.8384866714477539	6.7622094154357910	0.0
3.2260746955871582	5.8409695625305176	0.0
2.8292975425720215	5.8575382232666016	0.0
3.6007354259490967	6.1126241683959961	0.0
3.4211254119873047	5.9536733627319336	0.0
4.3273367881774902	5.1656041145324707	0.0
3.5018229484558105	5.4547171592712402	0.0
3.2100620269775391	5.7459459304809570	0.0
6.3091382980346680	-3.6786434650421143	1.0
5.6214785575866699	-5.6319475173950195	1.0
4.9610686302185059	-5.4269495010375977	1.0
6.0777807235717773	-4.2744150161743164	1.0
6.0835523605346680	-4.1626610755920410	1.0
6.0025739669799805	-3.8334517478942871	1.0
6.6521086692810059	-4.2865786552429199	1.0
7.0790743827819824	-4.0950345993041992	1.0
5.8292636871337891	-4.2752728462219238	1.0
6.0999546051025391	-3.9452033042907715	1.0
5.4065361022949219	-4.6457486152648926	1.0
5.6781635284423828	-5.6765861511230469	1.0
6.8484048843383789	-4.7575235366821289	1.0
5.0493745803833008	-4.5779633522033691	1.0
5.0910091400146484	-4.3312816619873047	1.0
4.6446690559387207	-6.2173190116882324	1.0
6.3201146125793457	-5.2380886077880859	1.0
6.1518983840942383	-5.1863336563110352	1.0
5.9449295997619629	-4.5546388626098633	1.0
5.0255761146545410	-5.3170242309570312	1.0
7.0705795288085938	-4.6497559547424316	1.0
6.2812275886535645	-5.4536523818969727	1.0
3.7559051513671875	-2.7493448257446289	1.0
6.0770258903503418	-4.6572747230529785	1.0
6.2740468978881836	-3.6691422462463379	1.0
5.6768035888671875	-5.1378316879272461	1.0
6.4333882331848145	-4.5175004005432129	1.0
6.0665431022644043	-3.4015719890594482	1.0
5.8424673080444336	-3.7036483287811279	1.0
5.8925061225891113	-4.5818963050842285	1.0
5.0792078971862793	-4.5439481735229492	1.0
4.8807210922241211	-4.8675909042358398	1.0
6.6593165397644043	-4.5742864608764648	1.0
6.5620064735412598	-4.0783076286315918	1.0
5.3278737068176270	-4.9178571701049805	1.0
5.6201577186584473	-4.6412758827209473	1.0
5.6113519668579102	-4.4004163742065430	1.0
5.6473202705383301	-3.8689267635345459	1.0
5.8504834175109863	-4.6688284873962402	1.0
6.3567523956298828	-4.1133322715759277	1.0
6.0149850845336914	-4.6772222518920898	1.0
5.4736185073852539	-4.4845499992370605	1.0
6.3780059814453125	-4.7407217025756836	1.0
6.0331015586853027	-4.1694712638854980	1.0
5.7042989730834961	-3.8650207519531250	1.0
5.5747728347778320	-4.7322301864624023	1.0
6.6214742660522461	-5.3234109878540039	1.0
6.1050910949707031	-4.4458684921264648	1.0
7.2180066108703613	-4.5986437797546387	1.0
6.5660166740417480	-4.5849223136901855	1.0
5.5884056091308594	-5.3843750953674316	1.0
6.5349926948547363	-5.7279767990112305	1.0
5.3322725296020508	-3.7982172966003418	1.0
5.3154153823852539	-4.7601175308227539	1.0
4.5145463943481445	-4.5074958801269531	1.0
5.4999480247497559	-4.7813472747802734	1.0
5.5108013153076172	-5.3881006240844727	1.0
5.3764519691467285	-4.8396325111389160	1.0
6.9795327186584473	-3.9485678672790527	1.0
5.7775363922119141	-4.4691929817199707	1.0
5.0201687812805176	-4.4158272743225098	1.0
5.5810117721557617	-4.3163609504699707	1.0
6.1404657363891602	-4.2416424751281738	1.0
5.0677413940429688	-3.9333579540252686	1.0
6.3288493156433105	-4.3566436767578125	1.0
5.9701523780822754	-4.7569575309753418	1.0
6.8405294418334961	-4.2022314071655273	1.0
6.1688523292541504	-5.9401822090148926	1.0
5.8677015304565430	-3.4559319019317627	1.0
5.3068375587463379	-3.3574421405792236	1.0
4.9711256027221680	-4.6605501174926758	1.0
6.4692659378051758	-4.9117007255554199	1.0
5.6044106483459473	-4.3977737426757812	1.0
5.3862686157226562	-5.0733070373535156	1.0
5.2326588630676270	-3.7899465560913086	1.0
6.3211174011230469	-4.8570327758789062	1.0
5.7551484107971191	-4.1407570838928223	1.0
6.3405036926269531	-5.0123109817504883	1.0
6.3361997604370117	-5.0146632194519043	1.0
5.1845335960388184	-2.9521608352661133	1.0
6.0529789924621582	-5.6522526741027832	1.0
6.1343064308166504	-4.8878726959228516	1.0
6.5586605072021484	-4.9074096679687500	1.0
6.1838917732238770	-4.8818531036376953	1.0
5.5731048583984375	-5.3446774482727051	1.0
5.5714020729064941	-4.8779358863830566	1.0
6.5795135498046875	-4.2155871391296387	1.0
5.9423007965087891	-5.2071409225463867	1.0
5.1214599609375000	-4.4708700180053711	1.0
5.4913530349731445	-4.0494422912597656	1.0
6.2580432891845703	-4.1515483856201172	1.0
5.5036721229553223	-5.0422463417053223	1.0
5.9004254341125488	-5.0832643508911133	1.0
5.0195574760437012	-5.4641880989074707	1.0
5.6301407814025879	-3.9573483467102051	1.0
5.4929471015930176	-3.9665527343750000	1.0
5.3331146240234375	-5.0637946128845215	1.0
5.9430704116821289	-3.8646574020385742	1.0
5.2366356849670410	-4.9359960556030273	1.0
6.4020781517028809	-3.6706435680389404	1.0
0.3360686004161835	3.2112944126129150	2.0
-0.0893475413322449	3.0243544578552246	2.0
-0.6648959517478943	2.1470048427581787	2.0
-1.9630333185195923	3.7073211669921875	2.0
-1.0768219232559204	1.4635723829269409	2.0
-1.1608417034149170	2.0974650382995605	2.0
-0.3297462463378906	3.0636014938354492	2.0
-1.7212307453155518	2.6277256011962891	2.0
-1.2770848274230957	2.5400319099426270	2.0
-0.5425630807876587	3.3080425262451172	2.0
1.2910242080688477	1.9654730558395386	2.0
-1.4918868541717529	3.0262110233306885	2.0
0.2349792569875717	2.4868257045745850	2.0
-1.0852844715118408	0.9684786796569824	2.0
-0.3659555315971375	3.4663691520690918	2.0
0.2319372892379761	2.0194272994995117	2.0
-0.3315804004669189	3.0705230236053467	2.0
-0.9150963425636292	3.6743681430816650	2.0
-0.9019874334335327	2.8318133354187012	2.0
-1.1477868556976318	3.8269922733306885	2.0
-1.1079752445220947	3.3469829559326172	2.0
-1.0027070045471191	3.5014257431030273	2.0
0.2172476202249527	3.2123317718505859	2.0
-0.8614150881767273	3.8207900524139404	2.0
-0.3560568988323212	2.4482724666595459	2.0
-1.3579463958740234	2.0440213680267334	2.0
-0.5146235227584839	1.2503892183303833	2.0
0.9467530250549316	2.8954267501831055	2.0
1.0065231323242188	2.6489510536193848	2.0
-0.6232693195343018	2.7471816539764404	2.0
-1.0060229301452637	2.1152467727661133	2.0
-1.6679085493087769	2.8222768306732178	2.0
-0.7879521846771240	2.5403535366058350	2.0
0.3103514909744263	2.4075808525085449	2.0
-0.2189846932888031	2.2201228141784668	2.0
-0.3510104417800903	2.6164474487304688	2.0
-0.4003236293792725	2.5886135101318359	2.0
-0.6768745779991150	1.6386249065399170	2.0
-0.1479516178369522	2.2314603328704834	2.0
0.2001682370901108	2.6377077102661133	2.0
-0.1589153707027435	3.4987702369689941	2.0
-0.3733623623847961	2.9479701519012451	2.0
-0.5442979335784912	3.6946461200714111	2.0
-1.3216668367385864	2.6657679080963135	2.0
-1.2176289558410645	3.7641167640686035	2.0
-1.2128065824508667	2.8015322685241699	2.0
-1.2823848724365234	1.8401527404785156	2.0
-0.5022691488265991	2.2377741336822510	2.0
-1.4761168956756592	3.3645000457763672	2.0
-0.6774647235870361	3.1113021373748779	2.0
-1.2134594917297363	2.0351629257202148	2.0
0.0329188704490662	3.4610755443572998	2.0
4.3415079116821289	-1.9355453252792358	2.0
0.3327349424362183	2.1058847904205322	2.0
-0.2745415568351746	2.4946584701538086	2.0
-1.2717528343200684	2.0180807113647461	2.0
-1.3572391271591187	2.7852375507354736	2.0
-1.7499226331710815	1.6517653465270996	2.0
0.2452812045812607	2.4465808868408203	2.0
-1.4232721328735352	3.1999137401580811	2.0
0.3369972109794617	1.8879501819610596	2.0
-0.2817798852920532	2.5566587448120117	2.0
-0.6229814291000366	2.0513508319854736	2.0
-1.0337984561920166	2.2563490867614746	2.0
-0.3987149596214294	2.2639474868774414	2.0
-1.8570295572280884	2.4232943058013916	2.0
-0.2209601402282715	2.7160317897796631	2.0
-1.4761490821838379	2.8637731075286865	2.0
-2.4775371551513672	2.6244614124298096	2.0
-1.0284975767135620	3.1763553619384766	2.0
-0.6105724573135376	2.9613401889801025	2.0
-0.6749113798141479	2.1940369606018066	2.0
-1.8405642509460449	1.6234513521194458	2.0
-0.8495646119117737	3.1836748123168945	2.0
-1.4382722377777100	2.5170671939849854	2.0
-0.5439296364784241	2.6731152534484863	2.0
-0.9995160698890686	3.1330759525299072	2.0
-0.2702308595180511	3.3869061470031738	2.0
-0.8268527984619141	2.9112505912780762	2.0
-0.6015350222587585	2.8107082843780518	2.0
-1.9155880212783813	-4.1139950752258301	2.0
-1.5490255355834961	2.2272486686706543	2.0
0.4603210985660553	2.5989048480987549	2.0
-0.9168566465377808	1.7270209789276123	2.0
-0.3184935450553894	3.4102330207824707	2.0
-0.3173431158065796	2.8067314624786377	2.0
-1.0380241870880127	3.1044564247131348	2.0
-0.5184067487716675	2.4513847827911377	2.0
-0.5627747774124146	2.8721749782562256	2.0
0.0944746062159538	2.6752181053161621	2.0
-0.6491573452949524	2.2176914215087891	2.0
-1.4803550243377686	2.2893416881561279	2.0
-1.0312805175781250	2.7815382480621338	2.0
-0.1544171571731567	2.6179282665252686	2.0
-0.9516507387161255	2.2592391967773438	2.0
-1.2000555992126465	2.7282435894012451	2.0
-0.9136936068534851	2.8839564323425293	2.0
-0.5325318574905396	1.4051916599273682	2.0
0.3961172401905060	3.1669509410858154	2.0
-1.0162153244018555	1.9408831596374512	2.0
-5.8055095672607422	-2.8756318092346191	3.0
-5.5115408897399902	-4.1483302116394043	3.0
-6.5303649902343750	-3.1918158531188965	3.0
-4.9796886444091797	-3.9906897544860840	3.0
-5.2929620742797852	-4.4096121788024902	3.0
-7.1010107994079590	-4.2987337112426758	3.0
-6.5839614868164062	-3.4456410408020020	3.0
1.8449702262878418	0.9154554605484009	3.0
-5.6975193023681641	-2.9631283283233643	3.0
-5.7327780723571777	-3.1168951988220215	3.0
-5.6720352172851562	-3.7067098617553711	3.0
-5.5534410476684570	-3.6410868167877197	3.0
-5.3326091766357422	-2.7333333492279053	3.0
2.3245799541473389	2.6443772315979004	3.0
-6.2822060585021973	-4.0435671806335449	3.0
-5.6114554405212402	-3.6390562057495117	3.0
-6.8499975204467773	-4.1172318458557129	3.0
-5.4470458030700684	-4.6442208290100098	3.0
-5.9422240257263184	-3.9138615131378174	3.0
-5.8521323204040527	-4.0866622924804688	3.0
-5.4468507766723633	-3.3830509185791016	3.0
-4.9311494827270508	-3.5432295799255371	3.0
-6.0896267890930176	-4.3249473571777344	3.0
-4.5849590301513672	-3.6661140918731689	3.0
-6.8020401000976562	-4.9835047721862793	3.0
-5.1237258911132812	-3.7031869888305664	3.0
-6.5566239356994629	-3.7919392585754395	3.0
-4.7503666877746582	-4.3016338348388672	3.0
-6.4868979454040527	-2.9519298076629639	3.0
-5.7871842384338379	-3.9674954414367676	3.0
-6.7441468238830566	-3.5775637626647949	3.0
3.9657924175262451	-3.0998771190643311	3.0
-6.0121221542358398	-4.4101448059082031	3.0
-5.4921512603759766	-2.7797391414642334	3.0
-6.1796107292175293	-3.2384924888610840	3.0
-6.8187389373779297	-3.6416831016540527	3.0
-7.0509209632873535	-3.2895352840423584	3.0
-5.7199783325195312	-3.7297098636627197	3.0
-5.9156627655029297	-3.2137289047241211	3.0
-6.9970660209655762	-3.6899750232696533	3.0
-6.0991234779357910	-2.8412239551544189	3.0
-6.6626887321472168	-4.0973763465881348	3.0
-5.2375741004943848	-3.6382694244384766	3.0
-3.7710094451904297	-3.6539418697357178	3.0
-6.1487483978271484	-4.5572428703308105	3.0
8.1890726089477539	-0.9179441928863525	3.0
-6.5744342803955078	-3.6481754779815674	3.0
-5.8269581794738770	-4.5377540588378906	3.0
-5.5559334754943848	-4.2282848358154297	3.0
-6.1498847007751465	-2.3854234218597412	3.0
-5.9346156120300293	-4.2061853408813477	3.0
-4.9484529495239258	-2.8641376495361328	3.0
-5.4896459579467773	-3.2357997894287109	3.0
-5.3555293083190918	-4.9868879318237305	3.0
-6.3470201492309570	-3.4519011974334717	3.0
-5.8465709686279297	-3.8455381393432617	3.0
-6.2236142158508301	-4.9728560447692871	3.0
-5.5707926750183105	-3.3056414127349854	3.0
-5.0055136680603027	-3.0717446804046631	3.0
-4.7044525146484375	-3.6993739604949951	3.0
-5.8070378303527832	-3.6890871524810791	3.0
-7.1915435791015625	-3.4982573986053467	3.0
-6.5934066772460938	-3.5696296691894531	3.0
-5.9861006736755371	-4.0754246711730957	3.0
-6.7520751953125000	-4.1917452812194824	3.0
-5.8290348052978516	-2.9619588851928711	3.0
-5.5220065116882324	-3.7944514751434326	3.0
-5.4437999725341797	-3.0763421058654785	3.0
-5.3675475120544434	-3.1497895717620850	3.0
-5.4664673805236816	-1.9604145288467407	3.0
-6.3464565277099609	-3.9643876552581787	3.0
-4.9601750373840332	-4.0218439102172852	3.0
-4.9593501091003418	-3.6791713237762451	3.0
-5.9341006278991699	-2.6895396709442139	3.0
-5.0465655326843262	-3.9723064899444580	3.0
-5.1442689895629883	-2.5231535434722900	3.0
-7.2567958831787109	-3.1659274101257324	3.0
-5.3213424682617188	-3.6906757354736328	3.0
-5.7946720123291016	-3.5208442211151123	3.0
-6.8759613037109375	-3.8382389545440674	3.0
-5.9908647537231445	-2.8333840370178223	3.0
-5.8436207771301270	-4.9417657852172852	3.0
-6.2128458023071289	-3.4425835609436035	3.0
-5.7220396995544434	-3.3539547920227051	3.0
-6.3451461791992188	-3.6095385551452637	3.0
-6.3989887237548828	-4.7445702552795410	3.0
-6.3060207366943359	-4.4365897178649902	3.0
-5.8202533721923828	-4.0548744201660156	3.0
-5.8977222442626953	-3.6397037506103516	3.0
-5.3558459281921387	-3.4113543033599854	3.0
-6.4499521255493164	-3.3428163528442383	3.0
-6.2677383422851562	4.8591341972351074	3.0
-6.5666770935058594	-2.7954900264739990	3.0
-5.9444732666015625	-3.2359282970428467	3.0
-5.6070723533630371	-4.5212588310241699	3.0
7.4783029556274414	-1.5583139657974243	3.0
-6.0539641380310059	-2.8725850582122803	3.0
-6.6250615119934082	-3.0321648120880127	3.0
-5.8969249725341797	-3.4519169330596924	3.0
-5.9685940742492676	-3.3782887458801270	3.0
-6.4000272750854492	2.7534682750701904	4.0
-6.6594471931457520	1.7087427377700806	4.0
-5.8108825683593750	2.1425793170928955	4.0
-4.8669428825378418	1.8438551425933838	4.0
-6.2727503776550293	2.6197674274444580	4.0
-5.6538257598876953	3.0025174617767334	4.0
-6.0248060226440430	1.4719337224960327	4.0
-5.7215075492858887	2.2319924831390381	4.0
-6.3181004524230957	2.6156823635101318	4.0
-5.3343296051025391	1.9986240863800049	4.0
-5.7742629051208496	2.1546285152435303	4.0
-6.0374217033386230	3.4446334838867188	4.0
-6.1533885002136230	2.1076202392578125	4.0
-5.7370338439941406	1.6553989648818970	4.0
-6.5816636085510254	1.4194087982177734	4.0
-5.8331151008605957	0.7412983775138855	4.0
-4.9980173110961914	1.9318320751190186	4.0
-6.1525421142578125	1.9454054832458496	4.0
-5.8987751007080078	3.2655398845672607	4.0
-6.8454504013061523	1.4617779254913330	4.0
-6.2302274703979492	2.4435012340545654	4.0
-5.5880107879638672	2.3151214122772217	4.0
-6.6401700973510742	1.3892986774444580	4.0
-6.3036937713623047	1.7360099554061890	4.0
-5.1978468894958496	2.1116595268249512	4.0
-6.0499663352966309	2.0806620121002197	4.0
-7.0869717597961426	2.1693673133850098	4.0
-5.8482370376586914	2.9721555709838867	4.0
-5.8763232231140137	3.1301965713500977	4.0
-6.9817914962768555	2.7629091739654541	4.0
-5.1207633018493652	2.7351005077362061	4.0
-6.0564050674438477	1.9873629808425903	4.0
-6.3550729751586914	2.1822967529296875	4.0
-5.7499327659606934	1.0838373899459839	4.0
-5.9813656806945801	2.0494227409362793	4.0
-6.2718334197998047	2.9998025894165039	4.0
-6.4066319465637207	2.6367340087890625	4.0
-5.2250814437866211	1.5702183246612549	4.0
-6.6484169960021973	1.9437046051025391	4.0
-6.4468374252319336	2.3480043411254883	4.0
-5.3568310737609863	1.3837984800338745	4.0
-5.4561610221862793	2.1415205001831055	4.0
-5.5774178504943848	2.7132358551025391	4.0
-5.8049750328063965	2.2684876918792725	4.0
-5.6296715736389160	1.9560174942016602	4.0
-5.2954788208007812	2.7323501110076904	4.0
-5.4810476303100586	2.7751545906066895	4.0
-6.1661343574523926	2.9348335266113281	4.0
-5.7116799354553223	1.6807591915130615	4.0
-6.7544183731079102	1.5639344453811646	4.0
-6.2460823059082031	1.4253442287445068	4.0
-5.6780486106872559	2.3750102519989014	4.0
-5.7533197402954102	2.0064961910247803	4.0
-5.8195266723632812	2.0092341899871826	4.0
-4.9238486289978027	1.5040086507797241	4.0
-5.7960863113403320	2.1768794059753418	4.0
-5.3610968589782715	2.6579451560974121	4.0
-6.0788974761962891	1.8794530630111694	4.0
-6.0150232315063477	2.6727476119995117	4.0
-6.2067089080810547	1.7039552927017212	4.0
-5.3695263862609863	2.3475804328918457	4.0
-5.3907322883605957	1.1068072319030762	4.0
-6.3865299224853516	1.3895608186721802	4.0
-6.3937997817993164	2.1865568161010742	4.0
-6.1242036819458008	1.2582873106002808	4.0
6.6651864051818848	5.2254090309143066	4.0
-5.6726865768432617	2.8243796825408936	4.0
-5.7791094779968262	2.0652358531951904	4.0
-5.6537861824035645	2.3147037029266357	4.0
-6.9196658134460449	2.5904169082641602	4.0
-6.1560263633728027	2.4345672130584717	4.0
-5.6392583847045898	3.1594109535217285	4.0
-6.0190110206604004	2.5423908233642578	4.0
-5.9646363258361816	2.3706722259521484	4.0
-5.0824780464172363	1.7744793891906738	4.0
-5.6076731681823730	1.3996516466140747	4.0
-6.7021074295043945	2.4570026397705078	4.0
6.6237826347351074	5.2376227378845215	4.0
-7.0657072067260742	3.0020859241485596	4.0
-5.7068405151367188	1.3069435358047485	4.0
-6.1700596809387207	2.5287344455718994	4.0
-5.5606112480163574	1.8222906589508057	4.0
-6.1503276824951172	2.3035616874694824	4.0
-7.0342216491699219	2.7966163158416748	4.0
-6.5602173805236816	1.0608843564987183	4.0
-5.5074195861816406	1.8776174783706665	4.0
6.9965300559997559	4.1584548950195312	4.0
-5.5622181892395020	1.5894267559051514	4.0
-4.6119809150695801	3.1072943210601807	4.0
6.6607718467712402	4.0273890495300293	4.0
-6.1584591865539551	2.2562086582183838	4.0
-6.1180844306945801	1.6583242416381836	4.0
-5.3499612808227539	2.0092413425445557	4.0
-6.5304527282714844	2.2709577083587646	4.0
-6.1756958961486816	2.2018232345581055	4.0
-4.9481930732727051	1.9631611108779907	4.0
-6.1511845588684082	1.9410917758941650	4.0
-6.7357945442199707	2.8183307647705078	4.0
-6.1745324134826660	2.4724166393280029	4.0
-6.1496315002441406	3.2796144485473633	4.0
-2.8215858936309814	7.7020936012268066	5.0
-3.5174322128295898	7.2103109359741211	5.0
-1.6383949518203735	7.7109303474426270	5.0
-2.9327499866485596	6.3208012580871582	5.0
-2.7770276069641113	6.5428938865661621	5.0
-2.6265909671783447	7.5064315795898438	5.0
-2.6053059101104736	8.1314592361450195	5.0
-3.1850779056549072	6.3210525512695312	5.0
-2.9649755954742432	7.2848596572875977	5.0
-2.9157497882843018	7.2237734794616699	5.0
-2.6579675674438477	6.1177473068237305	5.0
-4.2291646003723145	6.8436079025268555	5.0
-2.9708340167999268	7.0134525299072266	5.0
-1.9636069536209106	7.9101276397705078	5.0
-2.7969818115234375	8.1233654022216797	5.0
-3.2399766445159912	7.8420453071594238	5.0
-2.6312677860260010	6.4624261856079102	5.0
-2.2454020977020264	7.9612522125244141	5.0
-2.1153113842010498	7.0454630851745605	5.0
-2.6516108512878418	7.3357295989990234	5.0
-3.4855129718780518	7.3592314720153809	5.0
-3.4488704204559326	6.6771883964538574	5.0
-3.1013109683990479	8.2084970474243164	5.0
-3.4611294269561768	6.5341215133666992	5.0
-2.3930521011352539	7.1954417228698730	5.0
-2.8654053211212158	6.9119472503662109	5.0
-2.0414991378784180	8.1139678955078125	5.0
-2.5409083366394043	7.5230698585510254	5.0
-2.4756536483764648	7.1209764480590820	5.0
-2.4753236770629883	7.0352506637573242	5.0
-2.9531216621398926	7.6584630012512207	5.0
-1.6770845651626587	7.1160297393798828	5.0
-2.0994479656219482	8.4059200286865234	5.0
-1.9346435070037842	7.3954195976257324	5.0
-2.1010856628417969	6.7805113792419434	5.0
-1.6634989976882935	6.3950734138488770	5.0
-2.4958319664001465	6.8493294715881348	5.0
-3.3741972446441650	7.6069927215576172	5.0
-3.1399271488189697	6.2712459564208984	5.0
-2.4150545597076416	7.5674138069152832	5.0
-3.1369771957397461	7.0211095809936523	5.0
-3.5997967720031738	8.0221424102783203	5.0
-3.7095439434051514	6.4976420402526855	5.0
-2.8040330410003662	7.1121244430541992	5.0
-2.6817204952239990	7.6433825492858887	5.0
-1.5286325216293335	6.4615316390991211	5.0
-2.3966898918151855	7.3169436454772949	5.0
-2.2988312244415283	7.0863108634948730	5.0
-3.0722339153289795	7.0741772651672363	5.0
-2.9665865898132324	6.9304285049438477	5.0
-2.0621435642242432	7.8580856323242188	5.0
-2.5804977416992188	7.8474135398864746	5.0
-2.7322218418121338	7.3881592750549316	5.0
-1.4820914268493652	7.6775994300842285	5.0
-3.0060880184173584	6.9696416854858398	5.0
-2.7283370494842529	7.1780405044555664	5.0
-2.8122715950012207	7.3097186088562012	5.0
-1.7169128656387329	7.3280038833618164	5.0
-2.7679300308227539	6.6801705360412598	5.0
-2.1240396499633789	6.6595001220703125	5.0
-3.5966942310333252	8.2228364944458008	5.0
-2.7974696159362793	7.8456611633300781	5.0
-2.8850932121276855	6.9233093261718750	5.0
-1.8345204591751099	7.6804728507995605	5.0
-2.4609847068786621	7.5785918235778809	5.0
-2.5068075656890869	5.9878921508789062	5.0
-2.4644701480865479	6.8988399505615234	5.0
-2.0914027690887451	7.2286643981933594	5.0
-2.8808753490447998	6.5907034873962402	5.0
-2.8656675815582275	7.0328044891357422	5.0
-2.0908565521240234	6.6666131019592285	5.0
-2.9355084896087646	8.5042715072631836	5.0
-2.7659749984741211	6.8040466308593750	5.0
-2.4016921520233154	7.4332571029663086	5.0
-3.7175014019012451	7.3915443420410156	5.0
-3.0241520404815674	7.2299132347106934	5.0
-2.4126138687133789	6.9366517066955566	5.0
-2.3364331722259521	8.2070884704589844	5.0
-2.7318413257598877	7.5497927665710449	5.0
-2.2813918590545654	7.0760207176208496	5.0
-2.7656688690185547	7.3842740058898926	5.0
-2.1783423423767090	7.3035554885864258	5.0
-2.5663380622863770	7.8777451515197754	5.0
-1.9854382276535034	7.3440260887145996	5.0
-3.3143246173858643	7.6982054710388184	5.0
-1.7236431837081909	6.9728422164916992	5.0
-2.0635731220245361	6.0727319717407227	5.0
-1.9050757884979248	7.1260943412780762	5.0
-2.2618918418884277	7.0851325988769531	5.0
-2.8534381389617920	7.8183040618896484	5.0
-3.0645773410797119	8.4991474151611328	5.0
-3.8313729763031006	7.0333123207092285	5.0
-2.2507483959197998	7.1045789718627930	5.0
-3.2698900699615479	6.7849454879760742	5.0
-2.2900381088256836	8.8826351165771484	5.0
-3.2904541492462158	7.6766090393066406	5.0
-2.6131632328033447	7.4174814224243164	5.0
-3.2872035503387451	7.0340991020202637	5.0
-1.5974421501159668	7.4422616958618164	5.0
-2.5341260433197021	6.3227534294128418	5.0
4.7058877944946289	1.6015372276306152	6.0
6.1463723182678223	0.7040774822235107	6.0
4.9853291511535645	0.6942169666290283	6.0
4.3134708404541016	0.9884283542633057	6.0
4.1538519859313965	0.3182852268218994	6.0
5.0243773460388184	0.3245854377746582	6.0
6.1609048843383789	0.7482864856719971	6.0
4.5658521652221680	0.7092771530151367	6.0
5.7718958854675293	1.3438866138458252	6.0
5.1967463493347168	1.0675522089004517	6.0
5.4853019714355469	1.5232175588607788	6.0
5.8345971107482910	-0.2462710142135620	6.0
5.2930240631103516	0.5200645923614502	6.0
5.9904451370239258	0.4142765700817108	6.0
6.4189639091491699	1.1586759090423584	6.0
4.4692969322204590	1.5157097578048706	6.0
5.8094367980957031	0.8389662504196167	6.0
5.5357189178466797	1.5314848423004150	6.0
4.9645600318908691	-0.0364047065377235	6.0
4.6356115341186523	0.5474926829338074	6.0
5.1729335784912109	0.6871119141578674	6.0
5.9785928726196289	0.9591196775436401	6.0
5.7622447013854980	1.1027415990829468	6.0
5.7422595024108887	1.6023772954940796	6.0
5.3961639404296875	0.1680125445127487	6.0
4.5611457824707031	0.8928934335708618	6.0
4.8458256721496582	-0.0980259552598000	6.0
5.0589370727539062	0.6097776889801025	6.0
5.0500965118408203	0.8433869481086731	6.0
5.1480965614318848	0.5006821155548096	6.0
5.0728378295898438	0.4996587336063385	6.0
5.1126122474670410	1.0517754554748535	6.0
5.1846175193786621	0.8652669191360474	6.0
5.0947880744934082	1.2299273014068604	6.0
6.3852143287658691	1.1470323801040649	6.0
5.4816155433654785	0.8410323858261108	6.0
5.9194307327270508	0.8932787179946899	6.0
5.1266627311706543	0.3346183896064758	6.0
5.2932233810424805	1.5380697250366211	6.0
5.4190692901611328	0.4449927508831024	6.0
5.8447127342224121	1.6890236139297485	6.0
6.0399971008300781	0.6712164878845215	6.0
5.3485937118530273	1.5777519941329956	6.0
6.1494336128234863	1.8386836051940918	6.0
5.0440607070922852	2.0850405693054199	6.0
5.7745218276977539	0.7603327035903931	6.0
5.8165411949157715	0.7250572443008423	6.0
5.1226654052734375	1.4187083244323730	6.0
5.5701389312744141	1.4550845623016357	6.0
4.5831475257873535	0.5194922089576721	6.0
6.2184839248657227	0.5206258893013000	6.0
4.6887207031250000	0.8224962353706360	6.0
5.0305337905883789	1.3910362720489502	6.0
6.3959770202636719	1.0966682434082031	6.0
6.2161197662353516	1.6733442544937134	6.0
4.6097993850708008	1.5897717475891113	6.0
4.8981437683105469	0.3669456243515015	6.0
4.9056377410888672	1.1924610137939453	6.0
5.3109626770019531	1.0340898036956787	6.0
6.0120463371276855	1.9234199523925781	6.0
5.2413454055786133	1.4502444267272949	6.0
5.8226099014282227	1.2774008512496948	6.0
4.9181175231933594	0.7076172232627869	6.0
6.2684607505798340	1.7389208078384399	6.0
5.1550550460815430	0.6224665045738220	6.0
5.1976380348205566	0.7652130722999573	6.0
5.6499114036560059	0.2170604616403580	6.0
4.8733525276184082	1.2347366809844971	6.0
4.9159412384033203	-0.6755435466766357	6.0
5.5788621902465820	2.0480661392211914	6.0
5.2718811035156250	0.6648147702217102	6.0
5.8164162635803223	0.8490004539489746	6.0
5.3602166175842285	0.9410008788108826	6.0
4.6533441543579102	1.8928897380828857	6.0
4.6589789390563965	0.5412435531616211	6.0
-6.0513172149658203	6.0706529617309570	6.0
5.4566164016723633	1.1209236383438110	6.0
5.5442914962768555	1.0054776668548584	6.0
5.4737834930419922	1.9598538875579834	6.0
-6.2013216018676758	7.5294528007507324	6.0
5.4128379821777344	1.1660243272781372	6.0
5.2478842735290527	0.6091778874397278	6.0
4.8138151168823242	1.2558214664459229	6.0
4.8491573333740234	1.9017515182495117	6.0
-6.3785943984985352	7.4880547523498535	6.0
6.2087011337280273	0.2261328846216202	6.0
4.4936780929565430	1.5439757108688354	6.0
5.2073535919189453	0.5901609659194946	6.0
5.8585734367370605	1.2889710664749146	6.0
5.5890665054321289	1.2437349557876587	6.0
5.1986126899719238	1.3012387752532959	6.0
5.5405845642089844	1.9906446933746338	6.0
4.9580879211425781	1.7652690410614014	6.0
6.0897073745727539	1.5571223497390747	6.0
4.6207766532897949	1.2117440700531006	6.0
5.2186236381530762	0.5164442062377930	6.0
5.0042099952697754	-0.0538046248257160	6.0
6.6318078041076660	0.8661960959434509	6.0
5.6929812431335449	0.2984274923801422	6.0
4.2404994964599609	1.1205106973648071	6.0
-1.0619678497314453	-2.6023015975952148	7.0
0.0919763520359993	-1.9377145767211914	7.0
-0.9211536049842834	-1.5551296472549438	7.0
2.1654596328735352	-0.7630101442337036	7.0
0.0533624328672886	-3.4940545558929443	7.0
-2.0514907836914062	-2.9433722496032715	7.0
0.3396321833133698	-1.6439714431762695	7.0
0.9324609041213989	-0.3786935210227966	7.0
-0.4768915474414825	-2.2827842235565186	7.0
-0.5851929783821106	-0.7548846006393433	7.0
0.5170353651046753	-0.9848439097404480	7.0
-0.2767402827739716	-1.1903411149978638	7.0
-1.5287003517150879	-2.1115186214447021	7.0
-0.8108652830123901	-2.3134453296661377	7.0
-0.7283070087432861	-1.7525746822357178	7.0
0.3126442432403564	-0.8834845423698425	7.0
-0.0696213990449905	-1.1699817180633545	7.0
-0.3018248677253723	-0.7176116108894348	7.0
0.7129020690917969	-0.7640122771263123	7.0
-0.1356994658708572	-2.1605563163757324	7.0
-1.1174402236938477	-2.8587758541107178	7.0
0.2966987788677216	-1.8944561481475830	7.0
-1.8558361530303955	-2.2531385421752930	7.0
1.0331850051879883	-1.7903147935867310	7.0
-0.4980694651603699	-2.8023669719696045	7.0
-0.0169415622949600	-1.3520563840866089	7.0
-0.5650825500488281	-3.2538917064666748	7.0
0.9764031767845154	-0.7719722390174866	7.0
-0.0868486166000366	-2.6787581443786621	7.0
-0.7120739221572876	-2.3539667129516602	7.0
-1.9633755683898926	-1.4187526702880859	7.0
0.0214729718863964	-2.1505386829376221	7.0
-0.5245260596275330	-2.2988119125366211	7.0
-1.0312435626983643	-1.6145241260528564	7.0
-1.1288614273071289	-1.5002583265304565	7.0
-0.1961015164852142	-3.4665567874908447	7.0
-0.9069957137107849	-1.6515923738479614	7.0
0.5518779158592224	-1.9823975563049316	7.0
-0.6953572630882263	-1.4096196889877319	7.0
-1.1712425947189331	-1.8646950721740723	7.0
0.7083060145378113	0.1853735297918320	7.0
-0.0631994158029556	-3.2043554782867432	7.0
0.5798562765121460	8.1128273010253906	7.0
-0.1604916453361511	-1.1891618967056274	7.0
-1.4874781370162964	-1.4826484918594360	7.0
1.1787663698196411	-1.0278906822204590	7.0
-0.5931350588798523	0.2118314206600189	7.0
1.4862768650054932	-1.2064794301986694	7.0
-0.9775094985961914	-1.0969673395156860	7.0
-0.3491032421588898	-3.2759010791778564	7.0
0.1740440428256989	-2.8209536075592041	7.0
-0.5624345541000366	-2.7512292861938477	7.0
-1.3142870664596558	-3.1985630989074707	7.0
-2.4292314052581787	-1.4677571058273315	7.0
-0.1644409894943237	-1.1563218832015991	7.0
0.0860435366630554	-2.4590682983398438	7.0
-1.0277216434478760	-2.1099977493286133	7.0
-0.7249673604965210	-1.5697709321975708	7.0
-0.9756885766983032	-1.4086098670959473	7.0
-0.7534240484237671	-1.9279561042785645	7.0
-1.3079658746719360	-2.9109508991241455	7.0
0.6027749180793762	-1.2521522045135498	7.0
1.7931653261184692	-0.5460913777351379	7.0
0.8126646280288696	-0.2849815487861633	7.0
-2.0384147167205811	-1.6322216987609863	7.0
-0.9302861690521240	0.0427394025027752	7.0
0.1025372445583344	-0.9219571352005005	7.0
-0.3433523476123810	-1.2845811843872070	7.0
0.5713031888008118	-1.3844816684722900	7.0
0.7707855701446533	-1.2164703607559204	7.0
-0.1278808414936066	-1.1917001008987427	7.0
0.3670687377452850	-2.0855956077575684	7.0
-1.6725003719329834	-0.2349402457475662	7.0
-0.3753308355808258	-1.7039541006088257	7.0
-1.6930500268936157	-1.3844764232635498	7.0
0.2257653027772903	-1.9024540185928345	7.0
-1.2165260314941406	-0.6480187773704529	7.0
0.4201516211032867	-0.4740594923496246	7.0
-0.7637488245964050	-2.4687235355377197	7.0
0.6457075476646423	-2.5728654861450195	7.0
-0.8071824312210083	-0.8244753479957581	7.0
-1.9893165826797485	-2.8053929805755615	7.0
1.5540951490402222	-1.8704982995986938	7.0
-0.0700506716966629	-3.1295008659362793	7.0
-0.6834992766380310	-1.5275998115539551	7.0
-1.1541724205017090	-2.7271909713745117	7.0
-1.3864573240280151	-0.8977043628692627	7.0
0.6164176464080811	-0.6139763593673706	7.0
0.4955186247825623	-1.8143421411514282	7.0
-1.0266702175140381	-2.2630159854888916	7.0
0.5601137280464172	-1.1992560625076294	7.0
-0.7408159375190735	-0.8186251521110535	7.0
-0.3772726953029633	-1.1691594123840332	7.0
-0.3875385522842407	-3.1049270629882812	7.0
0.6613848209381104	-1.4439425468444824	7.0
-1.3835431337356567	-1.4201087951660156	7.0
-1.2575838565826416	-0.5905293226242065	7.0
-0.6469550728797913	-0.2443600296974182	7.0
1.6292980909347534	-0.3705396950244904	7.0
-0.4339892864227295	-0.7795072793960571	7.0
0.0444653742015362	-1.8192095756530762	8.0
1.6577775478363037	-2.1236894130706787	8.0
-0.0033242208883166	-2.3275640010833740	8.0
1.2888062000274658	-1.9480600357055664	8.0
1.2147139310836792	-3.5412528514862061	8.0
-1.8923964500427246	-1.6513311862945557	8.0
0.4511153101921082	-2.0622394084930420	8.0
1.0839533805847168	-3.1944909095764160	8.0
1.3650776147842407	-1.4111920595169067	8.0
0.9591671824455261	-1.6438132524490356	8.0
-0.4779204130172729	-2.4043426513671875	8.0
0.1745709627866745	-2.4040117263793945	8.0
2.3478372097015381	-3.6427490711212158	8.0
-0.5588976144790649	-2.3969228267669678	8.0
0.1162744835019112	-2.9222729206085205	8.0
-0.2894728183746338	-1.4845938682556152	8.0
1.4465662240982056	-4.1206989288330078	8.0
0.1837826222181320	-2.9406697750091553	8.0
0.1372313648462296	-2.0761606693267822	8.0
0.6948272585868835	-1.8264189958572388	8.0
0.2450724542140961	-1.8225860595703125	8.0
0.6233158707618713	-2.1847007274627686	8.0
-0.5639914274215698	-2.3578298091888428	8.0
0.1148613095283508	-1.6396354436874390	8.0
0.4142095148563385	-3.0818674564361572	8.0
0.6122636795043945	-3.7635889053344727	8.0
0.1787850707769394	-3.9003534317016602	8.0
1.4608362913131714	-2.8544554710388184	8.0
0.9718025922775269	-1.6584699153900146	8.0
1.2933090925216675	-2.1557493209838867	8.0
2.1675918102264404	-2.0313167572021484	8.0
1.8955630064010620	-1.6623525619506836	8.0
1.1318767070770264	-2.6544048786163330	8.0
0.4590285122394562	-1.4941411018371582	8.0
0.8321069478988647	-1.1525486707687378	8.0
0.9528933167457581	-2.0061182975769043	8.0
8.4025211334228516	0.8818402886390686	8.0
0.9066952466964722	-2.0596377849578857	8.0
1.2574934959411621	-3.2402901649475098	8.0
1.9757653474807739	-2.5678319931030273	8.0
0.8234074711799622	0.1576778441667557	8.0
1.5524306297302246	-0.7056069970130920	8.0
0.5830025672912598	-2.6071510314941406	8.0
-2.7225513458251953	0.8071215152740479	8.0
-1.3006838560104370	-3.0983641147613525	8.0
1.0325515270233154	-1.7609566450119019	8.0
0.6615214943885803	-2.1042394638061523	8.0
1.3646048307418823	-2.6320977210998535	8.0
-0.1971368640661240	-1.6497666835784912	8.0
1.4614244699478149	-2.1542639732360840	8.0
1.3930876255035400	-1.5095196962356567	8.0
2.6875045299530029	-1.4285359382629395	8.0
1.3526217937469482	-3.7785964012145996	8.0
-2.6788542270660400	-1.6414690017700195	8.0
0.9878418445587158	-3.3307592868804932	8.0
0.2556152045726776	-1.6103947162628174	8.0
1.2428715229034424	-2.5958385467529297	8.0
-0.9470734000205994	-3.2161788940429688	8.0
0.7577757239341736	-2.3709273338317871	8.0
1.3849234580993652	-1.6967628002166748	8.0
1.4090921878814697	0.0212207734584808	8.0
0.4797438085079193	-2.8946394920349121	8.0
0.1972578316926956	-2.1888537406921387	8.0
0.6508767008781433	-1.5798357725143433	8.0
-0.3389033377170563	-3.3815696239471436	8.0
-2.6548457145690918	-0.6689604520797729	8.0
1.7016210556030273	-1.2710361480712891	8.0
0.5054199695587158	-2.2945306301116943	8.0
1.1812810897827148	-0.9752886295318604	8.0
0.2203776538372040	-2.5451478958129883	8.0
0.9302550554275513	-1.3643679618835449	8.0
2.1143949031829834	-3.3480718135833740	8.0
0.8570064306259155	-2.8380823135375977	8.0
-0.8982261419296265	-3.8911983966827393	8.0
0.1024329960346222	-2.3465101718902588	8.0
1.9649955034255981	-1.1986173391342163	8.0
0.2995426058769226	-1.8704338073730469	8.0
1.6274641752243042	-2.5957510471343994	8.0
2.0200309753417969	-1.9045433998107910	8.0
0.9699634313583374	-2.6100137233734131	8.0
0.5312463045120239	-2.7586679458618164	8.0
1.0934070348739624	-2.8464078903198242	8.0
0.4413501918315887	-1.5411924123764038	8.0
-0.1435056030750275	-2.2852516174316406	8.0
0.8040841221809387	-2.3857402801513672	8.0
-0.7446053028106689	-1.9487011432647705	8.0
0.7738408446311951	-3.6760346889495850	8.0
1.6257125139236450	-2.6154224872589111	8.0
0.3261131942272186	-1.3586243391036987	8.0
0.5800005197525024	-2.3450734615325928	8.0
0.8741512894630432	-3.7747657299041748	8.0
1.6909506320953369	-1.2446745634078979	8.0
2.3099765777587891	-2.1794331073760986	8.0
0.3022546470165253	-1.5638499259948730	8.0
0.4072482287883759	-2.5241105556488037	8.0
-0.1160450279712677	-0.7837334275245667	8.0
-0.1021224856376648	-0.1133834868669510	8.0
0.2983037531375885	-3.7687697410583496	8.0
1.5414056777954102	-2.3159406185150146	8.0
2.3863058090209961	-2.7949957847595215	8.0
-0.0424012877047062	-6.9223289489746094	9.0
0.4985562264919281	-7.1102209091186523	9.0
0.0077100899070501	-8.0533599853515625	9.0
0.2026830017566681	-7.4483847618103027	9.0
-2.7480776309967041	-7.0638785362243652	9.0
0.0812814608216286	-7.1715455055236816	9.0
-2.8415195941925049	-7.6712656021118164	9.0
0.0394076369702816	-7.3457202911376953	9.0
0.1615754365921021	-7.8304510116577148	9.0
-2.7975709438323975	-7.2207274436950684	9.0
0.1194960922002792	-7.7617893218994141	9.0
-2.7988348007202148	-7.0961356163024902	9.0
-3.0783417224884033	-7.1632280349731445	9.0
0.0604319274425507	-8.0022287368774414	9.0
-2.7286114692687988	-7.0172986984252930	9.0
0.1468461900949478	-7.7250995635986328	9.0
-2.8273568153381348	-7.2564296722412109	9.0
0.4569842815399170	-8.4303750991821289	9.0
0.6825928688049316	-7.4753088951110840	9.0
0.3207553625106812	-7.8420662879943848	9.0
0.1991860419511795	-7.9041423797607422	9.0
0.6849979758262634	-7.8652877807617188	9.0
-2.8215506076812744	-7.3831210136413574	9.0
-2.6374793052673340	-7.2248330116271973	9.0
0.5595180988311768	-7.6641950607299805	9.0
-0.0648114830255508	-7.3341603279113770	9.0
-3.0387878417968750	-6.8972611427307129	9.0
-2.7819983959197998	-7.3191967010498047	9.0
0.0084621496498585	-8.0599098205566406	9.0
0.3058339953422546	-7.6959590911865234	9.0
-2.6933548450469971	-7.1521711349487305	9.0
-2.8803427219390869	-7.0808944702148438	9.0
0.5015760064125061	-7.7384777069091797	9.0
0.1962409168481827	-7.4517998695373535	9.0
0.1696170270442963	-7.7225298881530762	9.0
0.3037241399288177	-7.4503836631774902	9.0
-2.7770655155181885	-7.2080459594726562	9.0
0.2866496741771698	-7.9838809967041016	9.0
-2.7676305770874023	-7.3104224205017090	9.0
-2.7967875003814697	-7.1058707237243652	9.0
0.3732182383537292	-7.4036593437194824	9.0
-2.8925685882568359	-7.2027187347412109	9.0
-2.8011801242828369	-7.1857476234436035	9.0
-3.1099860668182373	-7.3348021507263184	9.0
0.7102554440498352	-8.0835018157958984	9.0
0.0452485755085945	-8.3332843780517578	9.0
-2.7634015083312988	-7.2727818489074707	9.0
0.3308346271514893	-7.7407650947570801	9.0
0.6641299724578857	-7.7844839096069336	9.0
2.5460307598114014	0.2858053147792816	9.0
0.3416542708873749	-7.2784047126770020	9.0
0.9897937774658203	-7.4744706153869629	9.0
0.7065405845642090	-7.4342665672302246	9.0
0.2762076258659363	-7.6895580291748047	9.0
-2.8354015350341797	-7.0805420875549316	9.0
1.0522278547286987	-7.2032461166381836	9.0
0.1428406983613968	-8.1844263076782227	9.0
0.4551449418067932	-7.3386774063110352	9.0
-2.7790751457214355	-7.0970063209533691	9.0
-2.7529277801513672	-7.1817970275878906	9.0
0.2380417585372925	-7.4045186042785645	9.0
-2.7387630939483643	-7.2049007415771484	9.0
-2.7388167381286621	-7.2658510208129883	9.0
-0.0815619006752968	-8.1614217758178711	9.0
-2.9181113243103027	-7.0439968109130859	9.0
0.4042326509952545	-7.2898936271667480	9.0
-2.8113162517547607	-7.1731591224670410	9.0
0.3717251420021057	-7.4437341690063477	9.0
0.2630344629287720	-7.4701061248779297	9.0
0.0257567502558231	-7.9666395187377930	9.0
-2.8143742084503174	-7.5567345619201660	9.0
0.0686981379985809	-7.1683182716369629	9.0
0.6606420874595642	-7.7436585426330566	9.0
-2.9321694374084473	-6.9959435462951660	9.0
-2.8009877204895020	-7.2322421073913574	9.0
-2.8145561218261719	-7.2071332931518555	9.0
0.1615475863218307	-7.5499706268310547	9.0
0.1285643428564072	-7.7097477912902832	9.0
0.2788690924644470	-7.6101803779602051	9.0
-2.6628606319427490	-7.2729911804199219	9.0
0.4286910593509674	-7.1099019050598145	9.0
0.2245038002729416	-7.7119255065917969	9.0
-0.1753836572170258	-7.8270063400268555	9.0
0.2685147225856781	-7.2844200134277344	9.0
0.2759572565555573	-7.7015461921691895	9.0
-2.8342254161834717	-7.0542855262756348	9.0
-2.7534277439117432	-7.1690449714660645	9.0
0.5864524841308594	-7.5626606941223145	9.0
0.2703117132186890	-7.7468004226684570	9.0
0.1928878724575043	-7.4109811782836914	9.0
0.2397466897964478	-7.5290527343750000	9.0
0.5026077032089233	-7.9647321701049805	9.0
-0.1400237381458282	-8.3855772018432617	9.0
-2.7850985527038574	-7.3242120742797852	9.0
-3.0122613906860352	-7.5968852043151855	9.0
0.1740529686212540	-8.0282726287841797	9.0
0.4285805821418762	-7.6115450859069824	9.0
-0.0517898350954056	-7.8102107048034668	9.0
-2.7814154624938965	-7.1916651725769043	9.0
0.2008989155292511	-7.5882353782653809	9.0
